0
3
4
5
8
9
10
11
12
15
17
20
22
24
26
27
29
30
32
34
36
37
38
40
41
43
45
46
47
49
51
55
58
61
65
66
67
68
69
70
71
72
73
75
76
77
78
81
83
84
86
88
89
90
92
93
97
99
100
101
102
104
106
107
108
109
110
111
112
115
116
117
118
119
120
121
123
125
127
128
129
130
133
135
137
139
140
143
144
145
148
149
150
151
152
153
154
157
158
159
160
163
166
167
169
171
174
175
177
178
179
180
181
182
183
184
185
186
187
188
189
190
193
194
196
197
198
199
202
203
204
206
208
209
211
212
213
214
215
218
220
221
223
224
225
227
228
230
232
234
235
237
238
239
240
241
242
244
245
246
247
248
249
250
252
254
255
256
257
258
260
261
262
265
266
267
270
272
274
275
276
277
279
280
281
282
285
288
289
290
291
292
295
300
303
304
305
307
309
310
313
314
315
316
317
318
319
320
321
323
326
327
329
330
331
333
334
335
336
338
341
343
344
345
346
347
348
349
350
351
352
353
354
359
360
361
363
364
365
366
367
368
369
370
371
373
375
379
380
382
383
384
386
387
388
389
390
391
392
393
395
396
397
399
400
401
402
403
404
405
406
407
409
410
411
414
415
417
418
421
422
426
427
428
429
431
433
434
435
437
439
440
441
442
443
446
447
449
450
451
453
454
458
460
461
462
464
465
466
467
472
473
475
476
477
479
481
485
486
489
490
491
492
493
494
497
500
501
505
506
507
509
510
511
512
513
514
518
521
522
523
524
525
526
527
528
531
532
533
534
535
536
537
538
541
542
543
545
546
547
548
549
550
551
554
558
559
560
562
563
564
565
566
568
569
570
571
572
573
574
576
577
579
581
582
583
584
587
588
590
592
593
595
597
600
601
604
605
606
607
610
611
613
614
616
619
621
624
625
626
627
628
629
630
631
632
633
635
636
637
638
639
640
641
645
647
650
651
652
653
654
656
657
658
660
661
662
663
665
666
668
670
671
672
673
674
675
676
677
679
680
682
683
684
685
687
688
689
690
691
693
694
697
698
699
705
708
711
717
718
719
720
724
725
726
727
730
731
732
733
737
738
739
741
742
745
747
748
751
752
755
757
758
762
763
765
767
768
769
770
771
772
774
776
779
783
786
788
789
790
792
796
797
798
799
800
802
803
804
805
806
807
810
812
813
817
821
822
823
825
827
829
830
832
833
836
839
840
841
842
843
846
851
852
853
857
864
865
866
867
868
869
871
872
873
876
878
880
885
889
891
892
893
894
895
898
899
901
905
907
909
910
911
912
913
915
918
923
924
926
931
936
937
939
943
944
945
948
949
950
951
952
954
959
964
966
967
968
970
971
972
973
976
977
978
980
985
987
989
990
991
992
993
995
997
999
1000
1002
1003
1005
1006
1008
1009
1010
1013
1015
1016
1017
1018
1023
1027
1029
1030
1033
1034
1035
1036
1039
1041
1042
1045
1046
1048
1049
1050
1052
1053
1055
1057
1061
1064
1066
1067
1069
1070
1073
1075
1076
1078
1079
1081
1083
1084
1086
1087
1088
1089
1091
1092
1096
1098
1100
1101
1103
1104
1105
1107
1109
1110
1112
1113
1114
1115
1116
1117
1118
1119
1121
1124
1126
1127
1129
1130
1132
1133
1134
1135
1137
1138
1139
1140
1142
1143
1144
1145
1146
1148
1149
1150
1151
1152
1155
1156
1157
1158
1160
1161
1162
1163
1164
1165
1167
1168
1171
1172
1173
1174
1191
1192
1193
1195
1199
1200
1202
1203
1204
1205
1208
1210
1211
1216
1219
1220
1221
1222
1225
1226
1227
1228
1229
1230
1231
1232
1238
1239
1241
1243
1245
1249
1250
1252
1253
1254
1256
1259
1260
1261
1262
1263
1265
1266
1267
1274
1276
1278
1279
1280
1281
1282
1288
1290
1292
1293
1294
1296
1298
1299
1300
1301
1302
1304
1306
1308
1309
1310
1314
1317
1321
1323
1324
1325
1327
1330
1331
1335
1339
1340
1341
1342
1343
1348
1349
1350
1351
1353
1354
1355
1360
1361
1362
1363
1366
1367
1369
1370
1371
1373
1376
1377
1382
1383
1384
1385
1386
1387
1389
1391
1396
1397
1400
1401
1402
1403
1405
1407
1408
1409
1410
1411
1412
1413
1420
1421
1423
1428
1429
1430
1431
1432
1435
1436
1437
1438
1440
1441
1442
1443
1444
1445
1446
1447
1450
1453
1456
1461
1462
1463
1465
1467
1468
1469
1473
1474
1475
1477
1482
1485
1486
1489
1491
1492
1498
1499
1500
1501
1502
1505
1506
1518
1615
1616
1618
1621
1625
1626
1627
1629
1630
1631
1632
1633
1634
1636
1638
1640
1642
1647
1648
1649
1651
1652
1653
1655
1658
1659
1661
1662
1663
1664
1665
1667
1668
1670
1676
1677
1679
1680
1681
1682
1685
1686
1687
1688
1689
1693
1697
1699
1700
1703
1706
1707
1710
1711
1712
1713
1714
1715
1717
1718
1719
1720
1721
1723
1724
1726
1727
1729
1732
1734
1735
1736
1738
1739
1740
1741
1742
1743
1745
1747
1748
1749
1750
1751
1754
1755
1756
1757
1758
1761
1762
1763
1765
1767
1773
1774
1776
1780
1781
1783
1785
1786
1787
1789
1790
1791
1792
1793
1798
1799
1800
1801
1803
1804
1808
1809
1810
1811
1815
1816
1817
1820
1821
1823
1824
1853
1856
1862
1863
1864
1865
1866
1867
1868
1870
1871
1874
1875
1877
1878
1880
1882
1883
1884
1889
1891
1892
1894
1895
1897
1900
1901
1905
1907
1909
1910
1911
1913
1916
1918
1919
1923
1924
1925
1927
1929
1930
1935
1938
1941
1945
1950
1951
1953
1954
1955
1956
1957
1960
1962
1963
1964
1965
1968
1971
1972
1976
1977
1978
1979
1981
1982
1983
1984
1985
1986
1987
1988
1990
1992
1993
1994
1997
1998
2000
2001
2003
2004
2005
2007
2008
2012
2015
2016
2017
2020
2021
2023
2025
2026
2027
2029
2030
2031
2035
2037
2039
2040
2041
2042
2044
2046
2047
2049
2051
2052
2054
2056
2057
2058
2059
2060
2070
2071
2073
2078
2083
2086
2087
2089
2092
2093
2094
2095
2096
2101
2102
2104
2105
2106
2107
2108
2110
2111
2112
2113
2114
2115
2116
2118
2119
2120
2121
2123
2125
2126
2127
2128
2130
2131
2132
2135
2137
2138
2139
2142
2144
2145
2146
2148
2149
2152
2154
2159
2163
2164
2166
2167
2169
2171
2172
2173
2174
2175
2176
2178
2180
2181
2182
2184
2185
2187
2189
2190
2193
2194
2196
2197
2199
2202
2204
2208
2209
2210
2211
2212
2213
2214
2215
2216
2217
2218
2219
2220
2223
2225
2226
2228
2229
2232
2233
2234
2236
2237
2239
2242
2245
2250
2251
2253
2255
2256
2257
2258
2259
2260
2261
2266
2267
2268
2269
2270
2271
2272
2274
2275
2276
2278
2283
2285
2286
2287
2289
2291
2292
2294
2296
2297
2299
2300
2301
2304
2305
2306
2308
2309
2310
2311
2312
2313
2314
2316
2317
2318
2319
2320
2322
2323
2324
2325
2326
2327
2328
2333
2334
2336
2337
2338
2340
2341
2345
2347
2348
2349
2350
2352
2353
2355
2356
2359
2361
2362
2363
2365
2366
2368
2369
2370
2372
2373
2374
2375
2377
2379
2380
2381
2384
2386
2387
2388
2389
2393
2396
2397
2398
2399
2400
2401
2402
2403
2404
2405
2407
2408
2409
2410
2411
2412
2413
2416
2417
2419
2420
2421
2424
2428
2429
2430
2431
2432
2433
2436
2438
2441
2442
2444
2445
2446
2447
2448
2449
2450
2454
2455
2456
2457
2458
2459
2460
2461
2462
2463
2464
2468
2470
2471
2472
2474
2475
2477
2478
2479
2480
2482
2484
2485
2489
2490
2491
2492
2493
2494
2495
2496
2498
2499
2500
2502
2503
2504
2505
2506
2508
2510
2512
2513
2515
2516
2518
2520
2523
2524
2525
2528
2529
2530
2531
2532
2533
2534
2536
2537
2539
2541
2543
2544
2546
2547
2549
2550
2552
2553
2562
2563
2565
2567
2569
2570
2571
2573
2574
2575
2576
2577
2578
2580
2581
2583
2584
2587
2588
2590
2592
2593
2595
2598
2600
2601
2602
2604
2606
2608
2609
2616
2618
2619
2621
2626
2630
2632
2634
2639
2640
2641
2644
2645
2646
2647
2649
2650
2652
2654
2655
2656
2657
2658
2659
2660
2661
2662
2666
2670
2673
2674
2675
2676
2679
2680
2682
2684
2685
2686
2688
2689
2694
2697
2700
2702
2704
2705
2706
2707
2708
2709
2711
2712
2714
2715
2721
2722
2723
2727
2728
2729
2732
2735
2736
2737
2738
2739
2740
2741
2742
2743
2744
2745
2749
2750
2754
2755
2756
2759
2761
2762
2763
2765
2766
2767
2768
2772
2774
2776
2777
2780
2781
2782
2783
2784
2786
2787
2788
2789
2790
2791
2792
2794
2795
2797
2798
2799
2800
2803
2805
2808
2809
2811
2812
2813
2814
2819
2820
2821
2823
2824
2825
2827
2828
2830
2831
2835
2836
2840
2841
2843
2846
2847
2848
2849
2850
2853
2854
2855
2858
2861
2862
2863
2864
2865
2868
2870
2871
2872
2873
2874
2877
2878
2879
2880
2881
2884
2885
2886
2889
2890
2892
2893
2894
2896
2897
2898
2899
2900
2901
2902
2904
2905
2908
2909
2914
2915
2916
2917
2920
2921
2922
2925
2926
2928
2929
2931
2932
2934
2936
2937
2938
2939
2942
2944
2945
2946
2948
2950
2954
2955
2957
2962
2963
2964
2966
2968
2970
2971
2973
2975
2976
2977
2978
2979
2980
2984
2986
2987
2988
2989
2990
2992
2993
2994
2995
2996
2997
2998
3001
3002
3003
3007
3008
3009
3010
3012
3016
3018
3020
3022
3023
3026
3028
3029
3032
3033
3034
3035
3038
3039
3042
3043
3044
3047
3048
3051
3052
3053
3055
3056
3057
3058
3060
3062
3064
3065
3066
3067
3068
3070
3071
3074
3075
3078
3080
3081
3083
3084
3086
3087
3088
3089
3093
3095
3096
3098
3099
3100
3106
3107
3109
3110
3111
3112
3113
3114
3115
3117
3120
3123
3124
3125
3127
3130
3131
3134
3136
3137
3139
3141
3145
3147
3148
3149
3150
3152
3154
3155
3156
3160
3161
3162
3163
3164
3165
3166
3167
3171
3172
3173
3174
3175
3176
3177
3178
3179
3180
3181
3182
3183
3185
3186
3187
3188
3189
3190
3192
3195
3196
3197
3198
3200
3201
3203
3204
3205
3206
3207
3208
3211
3212
3213
3214
3215
3217
3218
3219
3221
3222
3224
3227
3230
3231
3232
3233
3234
3235
3237
3238
3239
3241
3244
3245
3246
3247
3248
3250
3251
3254
3255
3257
3258
3259
3260
3262
3263
3264
3265
3266
3267
3276
3282
3283
3285
3291
3292
3298
3299
3302
3305
3307
3309
3310
3311
3312
3313
3314
3317
3318
3320
3321
3322
3323
3324
3326
3328
3331
3332
3333
3334
3335
3340
3342
3343
3349
3350
3351
3352
3355
3356
3359
3362
3365
3366
3367
3368
3370
3372
3373
3376
3377
3378
3380
3385
3386
3387
3390
3392
3393
3394
3395
3396
3397
3398
3399
3400
3401
3402
3403
3404
3406
3408
3410
3414
3416
3418
3419
3422
3423
3424
3425
3428
3429
3433
3434
3435
3436
3440
3442
3445
3447
3448
3449
3451
3452
3453
3456
3457
3458
3459
3464
3465
3466
3467
3470
3473
3474
3476
3478
3479
3480
3481
3482
3484
3485
3486
3487
3488
3489
3490
3491
3492
3493
3494
3495
3496
3498
3499
3500
3501
3502
3503
3504
3505
3506
3507
3508
3510
3511
3512
3513
3514
3516
3517
3518
3519
3520
3521
3522
3523
3524
3526
3530
3531
3532
3533
3535
3536
3540
3541
3543
3547
3548
3549
3550
3552
3553
3555
3558
3561
3563
3566
3576
3577
3578
3583
3585
3587
3589
3592
3593
3594
3595
3596
3598
3599
3600
3603
3604
3605
3606
3607
3608
3609
3611
3613
3614
3616
3617
3618
3622
3623
3625
3626
3628
3629
3630
3631
3632
3636
3639
3640
3642
3645
3648
3650
3651
3652
3653
3655
3658
3668
3671
3673
3678
3682
3683
3685
3687
3689
3691
3692
3693
3694
3695
3696
3697
3700
3701
3704
3706
3712
3713
3714
3718
3719
3724
3725
3727
3729
3732
3734
3737
3738
3741
3742
3744
3748
3749
3750
3751
3752
3753
3754
3755
3757
3758
3763
3764
3765
3766
3768
3769
3770
3771
3772
3775
3776
3777
3780
3783
3785
3786
3788
3789
3794
3795
3796
3797
3798
3799
3801
3802
3803
3804
3805
3806
3807
3808
3809
3812
3813
3814
3816
3817
3818
3821
3822
3828
3829
3830
3835
3836
3838
3840
3841
3845
3846
3848
3849
3850
3851
3852
3854
3855
3856
3858
3859
3860
3862
3863
3864
3865
3867
3868
3870
3871
3872
3873
3875
3877
3878
3879
3880
3881
3883
3884
3885
3886
3887
3889
3891
3892
3893
3895
3896
3898
3899
3900
3905
3906
3917
3919
3922
3923
3925
3926
3927
3929
3930
3932
3933
3935
3937
3939
3940
3941
3942
3943
3945
3946
3947
3949
3953
3954
3955
3956
3958
3959
3961
3962
3964
3969
3974
3975
3977
3978
3979
3980
3981
3983
3987
3994
3997
3999
4001
4004
4006
4007
4008
4009
4010
4012
4013
4014
4016
4020
4021
4025
4026
4027
4028
4029
4030
4031
4032
4033
4034
4035
4036
4037
4038
4039
4040
4041
4042
4044
4045
4046
4047
4048
4051
4053
4054
4057
4059
4060
4064
4065
4066
4067
4068
4069
4073
4075
4076
4078
4079
4080
4081
4082
4083
4084
4086
4088
4091
4092
4097
4098
4101
4104
4105
4107
4109
4111
4114
4115
4116
4117
4118
4119
4120
4122
4123
4124
4125
4126
4127
4128
4130
4131
4133
4135
4137
4138
4139
4140
4143
4144
4147
4148
4150
4156
4157
4159
4160
4162
4165
4168
4170
4176
4178
4179
4183
4186
4188
4193
4195
4199
4200
4203
4205
4206
4207
4210
4212
4213
4214
4215
4216
4218
4219
4220
4221
4222
4224
4225
4226
4227
4234
4235
4239
4240
4241
4243
4245
4246
4247
4250
4251
4254
4255
4256
4259
4260
4262
4266
4268
4270
4271
4272
4275
4278
4281
4282
4286
4287
4288
4291
4292
4293
4294
4295
4297
4298
4300
4301
4302
4303
4305
4308
4311
4313
4314
4315
4316
4317
4318
4319
4321
4325
4326
4327
4330
4332
4333
4337
4339
4340
4341
4342
4343
4344
4345
4346
4348
4352
4355
4357
4358
4359
4360
4362
4363
4364
4365
4367
4368
4369
4370
4371
4373
4374
4376
4377
4378
4379
4380
4381
4382
4383
4386
4387
4388
4389
4391
4392
4393
4395
4396
4399
4400
4401
4402
4403
4404
4405
4406
4407
4408
4409
4410
4411
4412
4414
4415
4416
4417
4418
4419
4420
4421
4423
4424
4425
4427
4429
4431
4432
4435
4436
4440
4441
4442
4443
4446
4449
4450
4451
4452
4456
4457
4458
4459
4461
4462
4463
4464
4466
4467
4468
4469
4470
4471
4473
4474
4476
4477
4478
4480
4482
4483
4485
4486
4487
4488
4489
4492
4493
4494
4496
4499
4503
4504
4506
4507
4508
4509
4511
4512
4514
4516
4517
4518
4519
4521
4522
4523
4525
4526
4527
4528
4530
4531
4532
4533
4534
4535
4536
4539
4540
4544
4545
4547
4548
4549
4550
4551
4552
4553
4555
4556
4557
4558
4560
4561
4562
4563
4565
4566
4567
4569
4570
4574
4575
4577
4580
4581
4582
4586
4588
4589
4590
4591
4592
4593
4596
4599
4600
4601
4603
4604
4607
4608
4610
4612
4613
4614
4615
4617
4618
4619
4620
4621
4622
4626
4627
4629
4630
4631
4634
4637
4638
4639
4642
4643
4644
4645
4646
4648
4650
4652
4657
4658
4659
4662
4663
4666
4667
4668
4670
4672
4673
4674
4676
4677
4678
4679
4680
4681
4682
4683
4686
4689
4691
4692
4694
4696
4702
4704
4706
4709
4711
4714
4715
4718
4719
4721
4723
4724
4725
4728
4730
4731
4733
4734
4735
4736
4737
4739
4741
4744
4745
4748
4755
4760
4762
4763
4770
4771
4772
4775
4776
4780
4781
4788
4792
4794
4796
4797
4800
4802
4803
4804
4805
4806
4808
4818
4819
4820
4822
4823
4825
4826
4827
4830
4831
4832
4834
4835
4836
4838
4842
4843
4845
4846
4847
4848
4849
4850
4851
4853
4854
4856
4857
4860
4861
4862
4863
4864
4865
4866
4871
4872
4873
4875
4876
4878
4879
4880
4882
4883
4884
4885
4887
4889
4890
4891
4892
4894
4895
4897
4902
4903
4904
4905
4906
4907
4908
4909
4910
4911
4913
4914
4918
4919
4920
4922
4925
4926
4927
4929
4934
4935
4938
4939
4943
4945
4946
4947
4951
4953
4955
4957
4960
4961
4962
4963
4964
4966
4968
4971
4972
4973
4975
4976
4978
4979
4980
4981
4982
4984
4985
4986
4987
4989
4990
4991
4992
4993
4994
5000
5001
5002
5005
5006
5007
5008
5009
5011
5012
5014
5015
5016
5018
5020
5021
5023
5025
5043
5047
5051
5052
5055
5057
5058
5060
5066
5068
5069
5070
5073
5075
5076
5078
5081
5083
5086
5088
5089
5091
5093
5096
5098
5101
5102
5103
5106
5107
5109
5110
5115
5118
5121
5124
5126
5132
5134
5136
5148
5149
5151
5152
5156
5160
5161
5162
5170
5171
5173
5175
5177
5178
5185
5191
5192
5195
5196
5198
5200
5203
5204
5206
5207
5208
5210
5212
5213
5216
5217
5218
5220
5221
5223
5224
5234
5235
5240
5241
5243
5245
5247
5250
5253
5257
5258
5259
5261
5265
5266
5274
5275
5277
5280
5286
5289
5290
5291
5292
5294
5297
5300
5301
5304
5305
5306
5308
5309
5310
5311
5313
5315
5322
5325
5327
5328
5332
5336
5337
5338
5339
5340
5344
5346
5348
5349
5350
5351
5353
5356
5357
5358
5360
5362
5367
5369
5373
5374
5377
5381
5385
5389
5391
5393
5395
5396
5397
5399
5403
5404
5407
5409
5410
5411
5413
5414
5415
5417
5418
5419
5421
5423
5430
5432
5434
5438
5442
5443
5444
5446
5449
5450
5451
5454
5456
5457
5461
5462
5463
5465
5466
5469
5471
5475
5477
5478
5480
5481
5483
5485
5490
5492
5495
5496
5498
5500
5501
5502
5504
5508
5509
5512
5513
5515
5517
5518
5520
5522
5524
5525
5529
5530
5532
5533
5534
5535
5537
5538
5539
5546
5549
5551
5552
5553
5558
5559
5562
5563
5564
5569
5570
5571
5572
5576
5577
5578
5580
5581
5582
5583
5584
5590
5591
5592
5594
5596
5597
5598
5599
5600
5601
5604
5608
5610
5611
5614
5615
5618
5619
5620
5622
5626
5629
5630
5633
5635
5636
5639
5642
5646
5649
5652
5653
5654
5657
5659
5661
5664
5667
5668
5671
5673
5675
5676
5678
5683
5688
5689
5691
5692
5694
5695
5696
5698
5700
5701
5704
5705
5706
5707
5713
5714
5717
5720
5727
5728
5729
5733
5734
5736
5737
5738
5739
5740
5741
5743
5747
5748
5749
5750
5751
5752
5754
5755
5756
5757
5759
5760
5766
5767
5770
5771
5772
5775
5780
5788
5790
5791
5793
5798
5799
5800
5801
5807
5808
5809
5810
5812
5813
5814
5815
5818
5821
5825
5827
5828
5829
5831
5833
5835
5836
5839
5841
5842
5843
5850
5854
5860
5862
5864
5866
5867
5871
5875
5879
5881
5882
5883
5885
5893
5894
5895
5896
5897
5900
5902
5904
5905
5909
5910
5911
5912
5915
5919
5926
5927
5931
5932
5933
5935
5936
5938
5939
5940
5941
5942
5944
5946
5948
5949
5950
5952
5954
5955
5956
5959
5960
5962
5963
5966
5968
5974
5977
5978
5979
5980
5981
5986
5987
5989
5990
5991
5993
5995
5997
6002
6004
6006
6007
6008
6009
6011
6012
6013
6014
6017
6028
6030
6032
6033
6035
6036
6039
6043
6044
6045
6046
6048
6049
6050
6055
6057
6058
6059
6060
6061
6068
6074
6078
6079
6080
6088
6089
6091
6092
6094
6096
6110
6112
6113
6114
6115
6117
6118
6119
6121
6122
6124
6129
6130
6135
6136
6138
6139
6140
6141
6143
6146
6147
6148
6149
6152
6153
6157
6158
6161
6164
6167
6169
6172
6175
6178
6179
6182
6185
6187
6188
6191
6196
6200
6201
6202
6204
6205
6206
6210
6213
6215
6217
6220
6221
6223
6226
6229
6232
6234
6235
6237
6238
6240
6242
6244
6246
6248
6249
6255
6256
6257
6258
6261
6262
6263
6266
6267
6269
6270
6271
6274
6279
6280
6283
6285
6286
6288
6289
6293
6295
6296
6297
6303
6307
6308
6309
6311
6312
6318
6320
6321
6330
6333
6335
6336
6337
6339
6340
6343
6345
6349
6350
6353
6357
6361
6362
6365
6366
6367
6370
6371
6373
6375
6376
6383
6385
6386
6389
6390
6394
6396
6397
6400
6401
6402
6403
6404
6405
6406
6408
6409
6414
6415
6416
6418
6419
6421
6424
6425
6428
6431
6432
6435
6436
6438
6439
6440
6442
6443
6446
6447
6448
6450
6451
6453
6455
6458
6463
6466
6468
6469
6471
6477
6478
6479
6482
6483
6486
6488
6489
6492
6493
6494
6497
6500
6501
6505
6506
6507
6511
6514
6515
6516
6518
6522
6524
6525
6526
6527
6528
6530
6532
6533
6535
6538
6540
6541
6543
6544
6545
6547
6551
6552
6554
6555
6559
6560
6562
6563
6564
6565
6569
6571
6574
6575
6582
6583
6584
6586
6587
6593
6596
6597
6598
6601
6605
6607
6610
6612
6613
6614
6615
6616
6617
6623
6624
6626
6629
6631
6637
6641
6642
6643
6644
6646
6648
6652
6657
6659
6667
6669
6674
6677
6685
6686
6691
6692
6696
6697
6698
6707
6714
6717
6720
6721
6722
6723
6724
6725
6729
6730
6734
6735
6737
6739
6741
6745
6750
6753
6756
6757
6767
6769
6770
6771
6772
6773
6774
6776
6778
6780
6781
6783
6785
6790
6792
6794
6795
6797
6798
6801
6805
6806
6808
6809
6812
6818
6823
6824
6825
6828
6832
6834
6836
6841
6846
6849
6850
6852
6853
6857
6858
6859
6862
6865
6867
6868
6872
6873
6875
6878
6880
6881
6882
6885
6886
6890
6892
6896
6899
6900
6901
6902
6905
6906
6908
6913
6915
6917
6920
6921
6922
6923
6925
6930
6931
6932
6935
6936
6944
6946
6949
6950
6955
6957
6960
6961
6965
6967
6968
6971
6975
6976
6979
6983
6984
6985
6989
6990
6992
6996
6997
6998
6999
7007
7012
7017
7019
7020
7021
7024
7025
7026
7027
7029
7032
7033
7034
7035
7039
7040
7047
7048
7049
7050
7051
7052
7053
7058
7061
7063
7070
7072
7073
7075
7076
7077
7079
7080
7081
7082
7083
7088
7090
7092
7095
7097
7099
7100
7104
7107
7108
7110
7111
7113
7114
7115
7116
7117
7119
7120
7123
7124
7125
7127
7130
7131
7132
7134
7136
7137
7139
7140
7141
7143
7145
7150
7151
7152
7153
7154
7155
7156
7158
7161
7165
7168
7169
7171
7177
7178
7179
7182
7183
7186
7188
7189
7190
7196
7201
7202
7206
7207
7209
7210
7213
7214
7215
7218
7219
7221
7223
7224
7227
7228
7232
7234
7242
7243
7245
7246
7248
7253
7254
7255
7256
7257
7259
7260
7264
7265
7266
7269
7270
7272
7275
7276
7277
7278
7279
7280
7281
7283
7284
7286
7287
7288
7289
7292
7293
7296
7297
7299
7303
7304
7308
7309
7312
7315
7317
7318
7320
7324
7333
7341
7342
7343
7344
7346
7348
7349
7352
7353
7354
7355
7358
7359
7361
7362
7364
7365
7369
7372
7373
7375
7376
7377
7379
7385
7387
7390
7391
7392
7393
7395
7396
7397
7399
7401
7402
7408
7411
7414
7415
7416
7418
7420
7422
7423
7424
7426
7427
7428
7431
7432
7433
7437
7439
7441
7445
7448
7451
7452
7453
7454
7457
7458
7462
7463
7469
7470
7472
7477
7479
7483
7485
7486
7488
7489
7492
7500
7501
7502
7504
7506
7508
7509
7511
7512
7513
7514
7516
7518
7521
7523
7525
7526
7527
7530
7531
7532
7534
7538
7539
7540
7543
7544
7546
7548
7556
7557
7558
7560
7561
7566
7568
7571
7572
7573
7574
7575
7576
7578
7583
7584
7587
7589
7590
7591
7593
7595
7596
7597
7598
7600
7601
7602
7603
7604
7605
7606
7609
7610
7611
7616
7617
7618
7623
7625
7626
7630
7631
7632
7633
7635
7636
7637
7638
7639
7640
7641
7643
7644
7645
7647
7648
7651
7653
7656
7664
7665
7666
7667
7668
7671
7673
7679
7681
7685
7688
7691
7697
7698
7699
7700
7702
7703
7707
7708
7710
7717
7718
7724
7726
7729
7730
7734
7738
7739
7741
7742
7744
7746
7750
7751
7755
7758
7759
7760
7761
7764
7765
7767
7770
7772
7774
7776
7777
7778
7780
7786
7789
7792
7794
7798
7803
7804
7805
7807
7808
7811
7813
7816
7817
7822
7827
7828
7830
7832
7833
7836
7837
7840
7842
7843
7845
7847
7848
7849
7850
7855
7857
7859
7861
7864
7865
7867
7868
7869
7873
7877
7878
7881
7882
7883
7884
7885
7887
7888
7891
7892
7895
7896
7897
7898
7899
7900
7901
7905
7907
7909
7910
7911
7912
7913
7915
7920
7922
7924
7925
7926
7927
7928
7929
7931
7932
7934
7940
7942
7943
7948
7956
7960
7966
7969
7971
7973
7975
7976
7982
7983
7984
7985
7986
7987
7989
7990
7992
7993
7994
7996
7997
8003
8004
8005
8007
8008
8010
8011
8012
8013
8015
8017
8019
8021
8027
8028
8029
8030
8033
8034
8038
8046
8048
8050
8057
8059
8061
8062
8063
8064
8065
8066
8067
8068
8072
8073
8075
8076
8077
8079
8082
8083
8087
8090
8092
8093
8095
8096
8097
8098
8099
8102
8104
8106
8107
8108
8110
8113
8114
8120
8122
8124
8129
8131
8133
8135
8136
8137
8139
8140
8142
8145
8147
8148
8153
8154
8155
8157
8158
8159
8160
8162
8163
8164
8165
8166
8170
8173
8176
8177
8179
8182
8183
8191
8192
8193
8196
8197
8200
8203
8204
8205
8208
8211
8217
8218
8219
8221
8222
8227
8228
8232
8233
8234
8235
8236
8237
8238
8239
8243
8245
8246
8247
8253
8256
8257
8258
8259
8261
8262
8264
8265
8267
8269
8270
8271
8274
8277
8278
8283
8284
8286
8287
8288
8289
8291
8292
8293
8295
8298
8299
8303
8304
8305
8307
8312
8313
8314
8319
8320
8321
8324
8325
8326
8327
8328
8330
8331
8334
8335
8336
8337
8338
8343
8344
8346
8347
8351
8355
8357
8358
8362
8363
8365
8366
8368
8370
8371
8372
8373
8374
8375
8376
8377
8379
8380
8382
8385
8388
8391
8392
8396
8399
8401
8410
8412
8413
8414
8415
8420
8421
8422
8423
8424
8425
8429
8431
8433
8435
8437
8438
8439
8440
8441
8443
8445
8447
8448
8449
8453
8457
8463
8468
8470
8476
8483
8484
8486
8490
8491
8492
8494
8497
8500
8501
8502
8509
8510
8511
8515
8521
8525
8527
8528
8531
8533
8534
8535
8536
8537
8538
8540
8541
8543
8546
8548
8551
8553
8555
8557
8562
8563
8565
8568
8572
8577
8579
8580
8583
8584
8585
8590
8591
8600
8602
8609
8610
8614
8617
8618
8622
8624
8631
8634
8638
8640
8641
8642
8643
8645
8646
8651
8652
8654
8656
8657
8659
8663
8664
8665
8669
8672
8675
8682
8687
8689
8690
8691
8693
8696
8697
8698
8700
8704
8706
8707
8708
8709
8712
8717
8718
8722
8725
8726
8727
8728
8731
8732
8736
8738
8740
8748
8751
8754
8756
8757
8758
8761
8764
8765
8768
8771
8772
8776
8777
8780
8781
8782
8783
8784
8786
8788
8790
8798
8799
8800
8801
8802
8804
8805
8806
8809
8815
8816
8817
8819
8821
8822
8823
8826
8829
8831
8834
8836
8842
8843
8847
8848
8852
8854
8857
8879
8882
8883
8891
8893
8894
8895
8909
8913
8915
8916
8917
8922
8927
8929
8931
8938
8940
8941
8942
8944
8946
8947
8950
8955
8957
8960
8961
8971
8972
8973
8974
8975
8976
8977
8979
8980
8982
8983
8992
8993
8998
8999
9000
9002
9004
9005
9008
9010
9012
9016
9018
9019
9020
9021
9026
9028
9031
9032
9037
9040
9041
9042
9043
9045
9047
9049
9050
9051
9052
9060
9062
9066
9067
9075
9077
9080
9085
9086
9088
9089
9095
9097
9106
9109
9111
9112
9113
9114
9115
9117
9119
9124
9125
9127
9132
9133
9134
9136
9137
9138
9141
9142
9147
9150
9153
9154
9155
9156
9159
9160
9167
9174
9177
9178
9179
9181
9183
9184
9187
9189
9191
9193
9197
9200
9201
9203
9204
9210
9212
9214
9216
9221
9222
9224
9227
9228
9235
9236
9237
9239
9240
9241
9243
9244
9246
9249
9254
9255
9256
9257
9258
9261
9263
9266
9268
9271
9272
9273
9275
9278
9280
9281
9286
9289
9294
9296
9299
9300
9302
9306
9314
9317
9319
9326
9327
9330
9331
9333
9336
9339
9340
9341
9342
9343
9347
9348
9351
9352
9355
9361
9362
9365
9369
9373
9375
9377
9378
9379
9380
9382
9383
9385
9389
9394
9396
9397
9398
9402
9403
9404
9409
9412
9413
9414
9415
9417
9420
9421
9425
9426
9427
9428
9429
9431
9432
9433
9435
9437
9438
9440
9441
9443
9446
9449
9450
9452
9454
9455
9456
9459
9460
9461
9466
9468
9469
9474
9477
9483
9484
9485
9487
9490
9494
9504
9505
9506
9507
9508
9509
9510
9511
9512
9516
9517
9521
9522
9523
9525
9530
9531
9534
9539
9540
9541
9545
9547
9549
9554
9555
9556
9557
9558
9560
9561
9566
9567
9569
9570
9575
9576
9577
9581
9582
9584
9587
9588
9593
9594
9595
9596
9600
9602
9604
9606
9607
9610
9611
9613
9616
9617
9618
9621
9623
9625
9627
9628
9631
9634
9635
9636
9637
9640
9641
9642
9650
9653
9655
9656
9657
9658
9660
9661
9662
9664
9665
9667
9671
9675
9676
9678
9679
9683
9686
9687
9688
9690
9691
9695
9697
9699
9700
9704
9705
9707
9712
9716
9717
9719
9723
9724
9732
9733
9740
9741
9742
9744
9745
9747
9748
9750
9755
9756
9761
9763
9765
9769
9770
9774
9775
9776
9779
9780
9788
9789
9792
9793
9794
9797
9798
9799
9803
9804
9805
9806
9807
9810
9811
9814
9817
9822
9823
9824
9825
9826
9828
9830
9831
9832
9833
9837
9838
9841
9842
9843
9847
9851
9853
9854
9857
9858
9862
9863
9865
9867
9872
9874
9876
9878
9880
9881
9882
9884
9890
9893
9894
9898
9899
9902
9903
9904
9907
9909
9910
9911
9913
9915
9917
9921
9923
9924
9925
9930
9931
9934
9935
9937
9939
9943
9944
9945
9946
9948
9951
9953
9954
9955
9957
9961
9963
9964
9968
9969
9970
9976
9977
9985
9986
9987
9988
9992
9995
9996
9997
9998
10002
10005
10010
10013
10014
10015
10016
10019
10020
10022
10024
10025
10026
10029
10030
10034
10035
10036
10037
10043
10049
10052
10053
10055
10057
10058
10062
10063
10065
10069
10070
10072
10074
10078
10080
10081
10083
10084
10085
10090
10091
10093
10095
10096
10097
10098
10099
10101
10103
10104
10105
10107
10113
10115
10117
10118
10124
10125
10127
10129
10132
10134
10136
10140
10141
10142
10145
10150
10154
10158
10160
10165
10166
10167
10173
10175
10177
10178
10183
10185
10186
10187
10188
10189
10190
10191
10193
10194
10199
10200
10208
10209
10212
10214
10217
10218
10221
10223
10225
10227
10228
10231
10232
10235
10238
10241
10242
10243
10245
10247
10249
10250
10251
10252
10253
10257
10258
10261
10262
10267
10268
10269
10273
10274
10275
10276
10277
10280
10282
10283
10284
10285
10288
10289
10293
10294
10296
10298
10299
10300
10302
10307
10309
10310
10315
10316
10320
10323
10324
10325
10326
10327
10328
10329
10331
10334
10338
10342
10343
10344
10348
10349
10350
10353
10354
10355
10358
10359
10360
10366
10367
10368
10369
10371
10373
10374
10375
10376
10382
10384
10385
10386
10390
10392
10393
10394
10395
10396
10399
10404
10405
10406
10407
10410
10417
10420
10423
10424
10425
10426
10428
10433
10434
10435
10436
10437
10440
10441
10444
10446
10447
10448
10449
10450
10452
10454
10455
10456
10457
10458
10459
10460
10466
10467
10472
10481
10482
10483
10487
10488
10490
10491
10497
10502
10505
10506
10511
10512
10513
10514
10515
10517
10518
10519
10520
10524
10526
10528
10530
10531
10533
10536
10537
10540
10541
10547
10548
10552
10554
10555
10556
10560
10561
10563
10564
10565
10567
10568
10570
10572
10575
10576
10577
10578
10579
10580
10581
10582
10583
10586
10587
10593
10594
10596
10597
10598
10599
10603
10604
10608
10609
10611
10612
10614
10615
10620
10621
10624
10626
10627
10628
10632
10633
10634
10639
10641
10643
10645
10646
10648
10649
10650
10651
10654
10655
10660
10661
10663
10666
10667
10668
10670
10672
10673
10674
10675
10679
10680
10684
10687
10688
10692
10696
10697
10702
10703
10709
10710
10712
10714
10716
10718
10719
10723
10725
10726
10727
10728
10732
10733
10737
10738
10741
10743
10744
10745
10749
10751
10752
10753
10756
10757
10758
10759
10760
10761
10763
10764
10765
10767
10770
10771
10772
10773
10774
10775
10777
10780
10792
10795
10805
10806
10807
10808
10810
10813
10815
10816
10818
10820
10822
10823
10825
10826
10827
10829
10833
10834
10838
10839
10841
10843
10844
10847
10848
10854
10855
10856
10863
10864
10865
10869
10870
10872
10874
10876
10877
10878
10879
10882
10888
10889
10893
10894
10895
10898
10899
10900
10905
10908
10909
10911
10913
10914
10915
10916
10919
10921
10923
10924
10925
10926
10927
10929
10930
10931
10933
10935
10936
10937
10940
10945
10948
10959
10962
10963
10965
10966
10967
10968
10970
10971
10975
10976
10977
10978
10981
10985
10986
10987
10988
10989
10992
10993
10994
10997
11002
11005
11007
11008
11009
11010
11012
11014
11015
11018
11020
11025
11026
11029
11033
11035
11036
11042
11043
11049
11052
11056
11057
11058
11059
11060
11061
11065
11066
11070
11072
11075
11078
11080
11082
11087
11088
11089
11090
11092
11093
11094
11095
11096
11098
11099
11101
11102
11104
11106
11108
11109
11116
11120
11121
11123
11124
11125
11126
11129
11130
11132
11133
11134
11136
11138
11140
11144
11146
11147
11148
11150
11153
11155
11161
11164
11165
11166
11168
11169
11170
11173
11174
11176
11179
11182
11184
11185
11187
11189
11191
11193
11196
11197
11198
11203
11204
11205
11207
11208
11209
11210
11212
11213
11214
11215
11216
11217
11221
11222
11223
11224
11228
11233
11234
11238
11240
11245
11249
11251
11253
11256
11258
11259
11261
11265
11267
11271
11272
11273
11274
11275
11284
11285
11286
11287
11288
11290
11291
11292
11296
11298
11303
11304
11309
11315
11317
11318
11319
11322
11323
11324
11328
11333
11334
11335
11337
11340
11341
11344
11346
11347
11350
11354
11355
11357
11360
11365
11371
11373
11374
11380
11384
11389
11392
11394
11396
11397
11403
11404
11407
11409
11410
11412
11414
11419
11420
11423
11430
11431
11432
11436
11438
11442
11445
11447
11449
11450
11451
11454
11455
11457
11458
11460
11461
11463
11467
11468
11472
11475
11476
11483
11484
11485
11488
11493
11494
11495
11497
11498
11499
11500
11502
11505
11509
11510
11512
11513
11514
11517
11519
11521
11522
11524
11527
11528
11530
11531
11533
11535
11539
11540
11545
11551
11553
11554
11557
11563
11567
11568
11569
11571
11574
11575
11576
11577
11581
11582
11583
11587
11588
11590
11591
11592
11593
11594
11595
11596
11601
11603
11604
11605
11606
11608
11609
11611
11615
11616
11617
11618
11620
11624
11625
11627
11628
11634
11635
11638
11640
11641
11644
11645
11647
11650
11651
11652
11653
11654
11657
11660
11661
11663
11664
11667
11668
11670
11672
11673
11674
11675
11677
11679
11680
11681
11682
11684
11687
11689
11690
11695
11697
11698
11699
11700
11701
11702
11703
11708
11709
11712
11715
11716
11718
11719
11722
11723
11724
11726
11727
11728
11731
11734
11735
11736
11739
11740
11742
11745
11747
11749
11754
11755
11756
11757
11759
11763
11765
11768
11769
11773
11775
11776
11778
11780
11781
11782
11784
11787
11788
11789
11793
11795
11797
11800
11801
11804
