11484	243	4578
4309	125	135
468	289	4428
2058	511	3963
10846	176	10134
7325	176	10999
3889	149	3019
7421	670	7141
9816	150	9361
1494	243	4195
3127	149	2238
7351	419	753
11081	289	582
5377	125	142
9669	243	5772
1656	34	1936
7618	342	8880
3319	176	5014
6474	640	11513
4306	289	2325
1976	626	4194
1728	926	1249
420	125	268
602	642	4927
3539	208	4634
191	926	2036
11021	17	3159
643	231	11771
8454	357	1817
10736	419	753
11054	357	1816
3215	642	5554
894	640	3072
11336	289	11604
4445	352	1816
4910	708	6475
5604	342	5923
1494	642	7458
6017	642	10960
6793	351	3939
4430	824	5504
4170	357	2238
11585	824	219
8522	357	1816
5067	779	949
1772	640	4194
5233	928	5704
6348	289	10775
132	372	10071
21	289	3745
5000	779	1896
5545	410	3001
8259	640	3069
48	150	8922
10274	289	63
576	231	5497
424	419	753
10934	289	2453
6624	289	7126
3052	351	2036
2664	351	1249
5540	38	2932
4611	357	1816
4128	415	1166
10322	415	1156
10802	231	5497
3723	366	2702
11802	289	2005
3984	824	4748
3426	351	2036
3270	511	3964
3551	289	2442
4594	357	1816
3688	326	2481
432	342	9456
578	824	5113
1764	125	8
95	448	151
6476	637	11174
3968	149	3967
6789	357	1816
9016	150	11732
415	642	444
9758	640	661
1097	357	3394
1765	289	10413
423	289	521
4366	366	2705
324	448	5087
6348	289	6950
2545	176	10071
1285	357	1817
423	402	169
11297	448	10029
7262	289	5248
2006	351	4568
9261	289	3745
7391	342	11311
2919	38	2920
10659	912	5502
8031	342	6931
5646	125	11353
9509	448	5019
5295	926	3941
10931	640	2617
3337	231	8062
3749	289	4366
10616	448	4876
5548	640	11505
11297	448	9103
4545	352	3957
2049	622	4192
9276	640	9148
3226	289	2490
6372	357	1936
5172	289	2663
6655	419	753
6424	107	10059
7831	824	447
8020	176	4480
4897	352	1043
6294	926	2036
4499	387	553
9116	150	10393
1415	351	1079
1767	357	1936
3877	955	200
7199	231	6167
5886	357	1936
1772	243	4186
2440	289	525
11685	357	1816
4491	448	2822
9380	642	7621
10479	410	10748
496	351	1079
5233	297	281
648	415	686
6743	419	753
6215	448	337
3996	351	2168
10990	150	10881
10236	357	1816
4857	357	1102
1299	352	1043
9979	419	753
377	289	2976
4394	448	337
1680	289	4616
559	926	4290
3950	824	7497
3242	289	4438
8010	243	6485
1252	779	5125
6398	419	753
7492	448	7655
7545	326	620
9665	642	11613
273	342	6989
3610	357	1816
10263	357	1816
2133	284	3377
5373	289	3894
8840	243	1323
11269	342	10085
3767	323	9910
2282	824	4082
3756	448	3630
3040	912	5502
3789	357	2589
5261	289	4729
4833	352	2182
4924	243	510
2643	635	1280
6207	419	753
8789	642	11259
8259	642	7118
2793	27	3229
1772	357	1816
548	284	3778
4307	176	10965
4483	912	8853
1438	326	2481
1697	149	2329
9994	642	7458
4578	824	2721
11389	640	2335
6675	289	10953
744	448	6729
6107	415	10003
8937	448	6646
2428	323	5095
1794	243	4196
311	448	6096
659	289	7884
5956	243	9821
5062	77	4290
3196	289	1416
8293	415	8498
329	372	4647
9399	448	305
6545	342	7941
436	289	1294
6202	289	4541
4413	351	2978
3578	149	1914
1795	419	753
6725	289	678
10946	640	2593
408	448	7483
11758	357	1816
1301	824	233
1752	150	7375
10836	357	1936
11802	640	1323
11724	642	11542
1725	351	3550
10015	289	1958
8714	125	8690
11741	357	1816
6268	448	25
8697	640	11230
5399	289	1967
11081	626	3387
1760	289	498
5764	176	8396
3625	126	1025
2298	166	2552
9315	926	3334
95	342	1475
3089	410	3037
6273	176	9912
10065	824	1813
10719	289	3931
155	342	7924
11198	824	1805
4871	149	3762
5713	243	3767
2545	289	2795
4621	323	4942
4541	824	1692
10004	642	7757
11599	299	2698
5214	289	1306
8605	289	589
11546	243	4479
7690	176	4962
4448	231	7002
9703	955	10756
1340	640	10781
3551	419	1252
8844	779	5073
8517	642	4517
10814	357	1816
4549	284	3781
378	926	2336
2035	640	10960
6	289	6623
324	448	162
4354	357	1914
580	351	1816
340	176	10737
4158	289	11065
11230	415	1167
4479	352	2036
9840	150	9789
2589	419	905
2831	955	5264
4959	289	2466
391	289	3140
1921	204	2020
10469	357	1816
8454	640	1302
1797	419	753
11744	289	6139
9669	289	2883
10230	912	4251
3151	34	1817
3527	208	1261
4915	626	2538
137	448	7582
3043	27	298
10523	824	4218
7945	926	4346
2058	708	2653
3394	204	1097
11762	125	268
9818	448	3630
8400	419	753
6595	640	523
6	289	5710
4479	352	2399
3256	419	753
4828	912	4251
53	938	9234
207	448	2822
3044	824	1490
7908	289	4404
4906	708	6912
7481	419	753
8825	912	4251
8030	77	1488
3857	176	6038
7016	289	2795
5527	289	10515
2009	419	753
328	125	142
2935	824	11627
6370	824	7204
3790	912	3606
2133	284	425
4605	640	2756
10021	642	7449
2638	357	1816
9702	419	753
2385	448	4838
4416	912	7447
1479	125	11337
4107	626	10562
6053	642	6542
6372	357	1817
9285	289	1410
6174	640	2335
620	352	1261
3612	366	1808
10318	912	5553
163	448	165
1730	352	1816
5409	642	7295
5433	357	1816
798	779	2191
10021	357	1816
8427	352	1816
11119	289	10355
1891	284	4898
4149	824	5012
8840	419	1929
7649	289	3895
4647	955	329
372	342	10238
210	448	4977
9359	150	10132
11238	176	2903
3389	99	1640
2750	284	2074
7455	289	1349
10290	824	1490
3995	652	3963
961	289	589
10762	357	1817
1775	176	4919
2579	824	1743
1315	352	752
10946	176	5014
4840	824	3017
8020	289	2615
9364	448	7115
2497	415	1169
1284	208	7882
5314	176	6707
4915	289	8179
11405	342	7605
1937	492	1899
11280	125	5340
6860	125	11337
9142	824	3017
7674	448	1652
192	342	7653
4749	125	268
2056	357	1047
10990	289	1633
1920	419	3636
11084	642	8682
3315	642	7757
11128	640	523
195	342	10687
131	626	4443
9511	289	1995
273	342	7220
9431	357	1896
1771	642	11621
3426	448	1676
6869	243	1321
10996	955	466
7814	125	110
2371	126	1000
6883	824	336
9019	289	10953
8112	642	4293
4598	289	3043
4104	824	9743
4459	824	8743
6860	642	1410
296	339	188
105	357	1817
8847	289	4460
2183	643	4994
563	824	10964
3839	779	3845
2695	366	1808
5751	642	5554
9175	150	6899
1806	176	7906
7170	125	8
5848	448	7655
324	448	7117
2760	339	299
1645	492	1899
7589	289	6695
10642	357	2049
3245	150	7876
2912	493	2101
655	34	1936
1479	150	11732
10334	243	2615
2849	372	299
8330	955	2006
3732	284	11408
6372	357	3845
5179	511	2106
5248	926	2977
2922	323	10281
4899	455	3330
5299	824	5399
6444	289	2325
9276	289	5996
11558	289	9716
4428	824	4748
3252	289	1975
11052	824	243
9979	125	253
1479	289	533
3252	640	8325
7988	824	8284
3119	357	10382
267	448	126
3231	150	5891
8002	448	4838
7170	125	142
4658	243	4465
11362	800	5375
3344	204	4949
1779	289	7462
5482	150	10393
3300	176	605
9840	289	2111
901	642	7118
9886	243	10129
11260	448	292
11142	419	753
3300	640	10107
172	640	11206
54	392	4719
7087	289	2449
10137	243	3827
2364	351	2036
6220	243	5003
308	419	753
374	289	1719
2180	539	2177
7018	357	1816
7402	824	98
294	289	2883
4306	176	7232
9658	926	6670
11519	289	5455
7380	642	9252
6744	77	2591
11128	289	523
4547	339	4445
9011	800	8363
2143	410	3113
8789	125	110
6107	415	7698
8828	912	2706
4002	34	1817
11762	150	10581
3238	289	2231
11155	642	561
7946	415	501
4536	351	940
1494	357	1816
3151	708	1198
6866	289	8028
3984	351	4290
4153	351	2888
6194	824	10818
2501	357	1816
6673	912	5350
4298	824	7652
10475	392	2532
328	289	3114
5169	289	7975
8436	926	2189
4971	351	3421
10322	415	1160
2748	824	3855
5323	824	2525
3736	300	2828
8453	926	2839
2733	68	1039
5979	824	3308
1934	289	3979
1479	419	3839
10814	289	6857
2364	366	4053
3881	323	10281
10225	125	10213
3020	492	1899
5235	642	6937
4549	448	11464
5906	419	753
11593	342	7456
9986	640	9728
12	289	4455
6015	125	268
2539	289	622
6354	912	5502
284	480	254
11510	392	3374
4703	779	4117
11385	243	7171
4445	351	4014
167	357	1047
6675	357	1816
5300	68	10204
8921	415	7698
2342	769	1923
10213	484	1816
3210	419	753
4821	419	4142
2527	747	3481
10725	289	877
2720	243	11082
9211	243	1375
3869	351	2036
2953	448	4266
8255	926	2939
5806	372	8418
4181	289	7049
336	243	9083
7877	62	3462
2733	912	4251
10059	912	6424
8825	912	10924
815	824	4306
244	640	5943
2724	419	753
1497	366	4241
11737	419	753
9371	410	4680
6840	824	10424
11578	642	10145
311	448	6637
7090	824	3711
2298	352	749
4992	372	2467
6542	824	5259
8400	419	1252
9140	289	7199
7421	824	11558
3040	351	2619
192	926	752
3092	149	3091
5723	448	4977
10858	955	270
9131	289	2523
1788	419	753
11084	642	7395
420	289	2505
10451	448	3819
3861	824	4942
39	711	37
6251	150	11247
2058	410	2653
10477	484	1870
3745	231	8062
3528	208	864
10541	824	105
1321	386	6090
3303	419	1929
9799	357	1896
8504	912	2706
2622	289	572
10330	626	5003
8574	419	753
11119	125	8
457	289	1994
11441	448	3819
4181	125	268
4722	352	1635
10391	357	1816
7721	392	2514
1778	642	3860
852	326	1322
8886	955	5806
1327	670	5359
7813	642	6754
3225	243	1414
340	640	4202
5811	342	10687
8886	342	7979
2669	415	685
6219	357	1816
3790	352	2037
10210	357	1816
8573	415	1142
3960	415	685
10248	289	4460
5315	62	3011
11471	34	1817
276	846	3059
425	351	9756
9291	357	1816
808	357	1816
5166	243	4196
6657	642	3861
2075	34	1816
7481	289	10270
5919	176	11386
9204	642	8202
7915	642	7295
8020	289	7544
9994	357	1816
2631	125	268
4924	419	753
1764	176	11386
5521	289	4517
609	351	752
3539	208	2049
9029	243	2497
744	926	2049
7481	243	3859
3236	289	4448
9266	68	10391
6789	419	753
7674	448	165
622	824	2906
6197	455	3499
7123	415	1154
6354	342	6989
1738	289	10438
1656	708	1200
2605	243	3047
6864	150	8922
7949	448	6637
156	289	3566
1795	640	5829
3513	357	4141
1891	284	3787
1692	289	4559
506	231	5168
3191	419	753
10443	342	7653
2418	926	1220
9840	176	9002
7016	642	3868
8677	800	6583
8877	357	1816
413	243	4488
10451	372	10174
4867	149	4872
132	448	3630
3226	243	4890
4676	448	2764
808	176	10933
505	637	3525
1795	150	7375
8860	357	1816
5433	125	8
2832	402	256
4187	642	84
10990	176	497
8256	289	996
4052	912	1808
6125	642	11335
7444	642	3859
565	642	2829
4002	912	5350
11349	626	4562
1080	351	752
10769	357	1816
960	357	1816
853	415	686
7336	125	110
5548	357	1816
7497	289	3950
643	708	681
3711	176	11386
2902	201	1922
10060	642	5530
2796	34	822
10270	231	9451
10290	824	6929
7294	642	4511
10392	779	3025
8577	289	10522
6578	289	10366
5307	357	2049
10024	243	10739
4444	415	1120
10711	323	509
6497	176	5758
11280	642	5340
8507	243	5959
946	352	800
1622	243	11713
345	289	3931
1692	640	7084
180	448	4977
8507	357	1816
9743	419	753
5325	289	1975
5588	419	753
4500	289	4089
9152	419	753
4310	176	6491
1759	642	7449
468	289	11697
6252	357	1816
10616	448	305
4317	289	591
8286	289	6467
9380	289	3444
104	289	4372
10707	670	8165
179	107	10470
5333	357	1816
6108	289	11287
2720	289	8437
10906	351	1249
1768	289	2594
3199	125	446
1766	289	1957
10236	289	3894
3528	77	2532
1779	176	6582
4518	415	1154
2494	708	1197
11362	357	1816
8779	176	7232
6635	824	3204
1406	415	684
9608	415	1140
10659	372	4992
5248	342	246
4757	419	753
6093	419	753
60	357	1816
8400	176	8182
7	642	1409
9503	640	6223
3243	243	2222
5855	357	1816
273	342	7653
4921	912	6318
11345	357	1816
1912	419	753
6076	419	753
2147	351	2036
620	404	2502
10762	640	8980
9816	800	8363
1958	824	4213
3883	502	4434
8881	357	752
2263	38	2264
6093	289	2871
10230	448	8553
3627	642	10145
7503	372	3080
11081	419	753
8427	351	8092
8387	824	10909
3194	642	11727
843	824	6860
6994	289	7045
2009	126	2975
82	642	448
2385	448	4266
11142	289	2915
11276	357	1816
3778	926	2348
8418	372	119
5539	640	5499
6109	125	268
10844	642	3759
233	289	8477
9055	289	1954
6053	289	2994
1734	339	2586
1924	711	1922
11802	419	753
4192	92	4255
7575	824	6207
8670	448	1652
4158	289	4466
3192	626	425
961	419	1871
530	824	376
2074	339	1314
11441	926	2036
4821	419	1245
9939	415	695
8670	372	11577
11682	824	6929
8886	955	5445
11493	176	8876
9703	448	101
2359	150	10550
385	448	1652
1959	824	3017
10866	419	753
7831	824	11783
6840	17	5741
2804	125	8690
3318	289	5648
2440	357	1816
561	351	979
54	484	1816
3509	357	1261
5314	125	11337
3849	779	766
296	339	71
2525	289	5323
1797	289	5842
8041	289	3044
1768	640	8528
11139	176	6692
146	640	8528
5144	125	300
8574	289	4415
56	616	54
9088	150	8573
6066	419	3636
2224	34	752
8519	125	253
6684	289	7462
11762	289	5538
3216	176	2573
8186	357	1817
659	419	753
7240	640	10749
7077	62	940
9016	289	6889
4595	243	8050
1491	176	2903
210	448	10029
4910	708	6912
4613	626	10562
11405	938	8999
8877	125	8
10301	289	3136
11130	243	7819
9225	289	2449
10751	448	126
2695	351	4634
4584	289	2001
6374	289	5059
4017	342	5707
3059	448	3819
7249	125	268
3216	357	1816
2072	17	288
7611	642	6542
8353	419	753
4732	824	214
9228	824	1683
10826	289	2663
6170	448	418
2594	824	3229
8874	357	1817
94	122	4471
3199	357	1816
5067	779	3025
9250	62	1018
10414	926	1215
95	448	5018
3819	300	378
10067	289	2580
1388	352	3008
243	357	2036
5704	392	6670
8002	448	4266
1771	289	3982
6929	640	4972
9684	289	3946
5051	824	3243
5172	289	4952
3688	326	3389
62	448	292
4372	323	10281
2115	448	3819
1752	243	2381
6292	419	753
1877	326	2969
8425	62	1095
5690	176	8396
10474	824	395
4939	149	4228
8646	642	9821
332	342	9167
4606	243	4195
243	357	2399
420	640	8619
9029	800	10498
5795	289	4537
9298	824	5399
1891	284	4502
10616	912	10924
1307	415	682
744	448	7582
8297	824	294
4128	231	7002
925	150	9789
216	484	1816
1044	231	5236
1424	640	6524
6008	640	3823
4110	779	1441
5002	415	1170
482	289	3683
6153	870	5506
10536	824	5680
9905	289	3765
7649	289	2115
4896	289	4430
1775	419	753
783	201	1021
10659	448	4441
4616	366	1808
4482	342	9434
2642	419	753
8537	912	1099
8455	955	9688
3883	643	4413
8825	955	450
3306	357	1816
3294	92	3809
7039	824	7615
3237	243	2451
1683	125	8
4996	323	7294
11386	912	4251
3249	642	10257
8720	357	1870
318	448	161
10018	243	10711
5310	642	9367
6083	176	10069
4543	912	4251
6699	351	2196
13	289	6112
2100	125	237
11074	176	5014
8672	526	1024
1248	747	9954
2952	231	7002
810	708	1198
3145	323	5094
648	323	10343
1993	231	9451
4110	779	1817
10771	372	3146
10111	357	949
1796	125	300
369	615	6222
11362	243	3759
10524	176	5773
2847	955	5474
5172	289	6041
7674	448	10142
4152	824	11567
13	289	877
5404	243	6937
8475	342	5664
9359	289	3868
35	243	4379
5069	323	11610
8183	415	1141
7428	289	6889
4178	149	3635
8475	926	1901
332	122	8627
238	107	10470
1507	352	2395
8886	448	3819
2949	357	1249
644	94	1816
6	289	10522
2299	351	2912
11236	289	3984
8908	419	753
378	448	652
9425	125	7559
7199	824	381
2439	352	3174
482	357	1816
9677	824	10385
9979	176	4962
6789	419	1065
3695	357	2201
7087	419	753
8585	243	3041
4385	201	3652
8884	912	1808
87	289	10119
2441	670	5359
7380	626	10764
5509	415	1170
1992	652	3437
1788	289	3946
6053	800	6975
7085	392	4719
2263	493	2391
5373	243	10711
9759	342	5461
3191	289	2002
8684	824	2041
2298	351	1036
3951	912	1808
529	415	684
7945	448	1652
4968	824	2551
985	339	2586
6822	912	11698
6830	448	10241
9011	243	4195
5790	912	7447
644	351	2407
5527	419	753
9175	243	11513
8353	642	1993
7084	351	4704
483	243	2195
9152	243	3065
2901	289	4616
10731	419	753
9076	125	300
4959	125	446
3590	955	402
10934	419	1929
4469	912	881
3192	289	996
8493	448	151
3509	208	1261
6075	415	1146
9520	342	9434
367	342	7979
3157	284	9363
5795	289	8230
3869	824	3228
1794	289	4536
611	339	946
667	357	1816
87	289	7462
7615	357	1816
6231	419	753
3774	637	4358
8517	357	1816
2527	708	1199
8499	415	8257
5758	342	10687
1477	357	2238
4579	351	7811
318	448	337
7949	912	2706
7036	640	5996
4669	352	1816
8046	150	5891
3527	208	638
2058	652	3963
11357	415	1159
10640	824	5936
8867	448	1676
10253	351	11262
390	846	2852
4413	643	4434
9768	357	1816
9691	289	6897
4821	357	4141
2201	419	905
59	243	2615
11600	289	4561
10699	243	6485
2418	351	751
3778	912	4251
10941	289	2349
5998	419	753
456	392	2182
5594	125	412
4370	201	3665
6793	351	1816
1490	289	9628
5948	448	5117
5836	372	7004
287	289	3765
9503	419	753
960	289	2454
4437	284	4685
3356	338	1472
3044	415	1170
11558	640	4128
6031	125	268
10587	824	287
407	372	9172
10199	926	2867
3682	912	5681
1954	824	4584
10362	125	84
5080	94	2168
6107	415	1167
4402	415	1141
2826	493	1648
6197	912	6828
8273	561	2748
4248	419	753
1065	779	3025
11410	289	8206
6372	289	4298
21	357	1927
2667	366	1744
7931	208	811
8874	243	8617
11790	448	3819
3586	357	1816
2058	157	2653
5680	289	10536
798	779	3675
4138	779	2009
2582	351	2645
458	243	6485
10236	150	10358
3347	824	7521
3802	642	3072
4587	176	7906
3402	779	848
2722	289	8220
2535	415	6206
457	642	2851
10866	642	5554
2551	357	1249
8344	77	2514
3610	176	491
6923	289	9682
57	342	8880
2852	342	11311
7831	824	7652
193	642	8858
2418	351	1261
7460	357	1441
6771	419	1937
816	640	1631
3157	339	494
5548	800	11505
7868	640	3866
9055	419	753
7679	824	4307
7140	289	4888
150	122	10996
5631	419	1871
2418	446	2144
19	448	5430
5214	289	3087
3439	351	2933
808	642	9857
8871	176	4828
11516	34	1816
6469	642	10781
10964	419	753
6273	642	11176
7577	289	4536
7503	448	5160
1819	357	1816
4828	351	1014
2212	243	3866
7683	357	1870
983	326	4976
4385	352	3568
2161	468	4469
6699	511	4119
2284	351	4847
4442	351	2591
4605	125	268
1248	366	973
1314	284	4868
3319	289	4714
5112	419	753
3931	824	3310
603	289	2260
482	150	4373
7748	125	269
537	824	1235
2430	352	1641
2586	352	3550
3226	357	1816
1749	640	9027
3240	289	5979
6864	419	753
2545	419	753
987	357	1102
5956	642	9821
4573	176	10965
21	419	753
7685	824	4248
14	912	1808
3228	125	268
6655	289	3110
8667	68	3481
9624	640	5667
1919	637	6654
3225	289	2220
5886	357	1249
5249	410	999
8296	912	4251
4181	357	1816
7644	642	9728
10388	824	10440
2826	357	1936
4510	448	10241
9211	125	8
5134	289	5455
2342	769	3473
203	284	356
10060	289	3865
4415	323	11610
7087	289	2994
11345	289	843
11155	289	561
4897	284	4520
9291	125	399
463	351	3129
11389	125	10477
2133	351	1226
5640	357	1816
11226	642	11613
5990	955	5264
8574	640	3064
371	448	3545
3547	492	1899
5828	392	6670
9942	357	1816
3756	342	9593
324	448	5018
10391	392	1227
10999	448	6646
6240	342	10170
4924	357	1817
62	912	10924
3525	208	2292
3056	448	4977
6728	448	1676
6902	448	9681
11383	357	1816
10137	125	84
10946	642	4380
7036	243	7638
7440	419	753
11215	289	5710
5559	626	4726
7945	448	1320
9225	640	8682
3781	352	4012
6252	419	753
4332	357	1914
2384	357	3635
4033	208	2624
2077	351	1261
3344	204	514
9716	824	7714
5845	824	4596
4334	176	11285
3069	824	149
3688	326	3138
3099	448	9103
11349	357	1816
4002	351	2698
5602	419	753
1725	284	1386
4149	415	693
8430	419	753
432	122	432
131	176	8876
2501	289	2994
8	615	6909
430	53	1910
2577	351	2888
4307	357	1816
2713	352	1816
10356	352	4873
2246	150	10485
10802	231	6167
204	300	356
408	926	1079
8041	125	8096
11389	243	2335
3986	243	11355
6220	642	5003
6348	289	10640
7859	342	7979
5987	289	2758
2224	747	3512
9520	926	10506
2875	824	1753
3240	289	6263
3490	357	1936
6844	372	466
2640	289	2284
111	846	2452
3529	77	1042
1085	419	753
7639	203	4867
4510	448	1652
9371	351	1249
2112	642	8202
10441	561	3444
82	289	4152
6164	243	3861
7814	125	268
6423	926	2036
6909	484	1816
6444	289	9354
5110	339	696
5377	289	10640
7946	415	1664
4732	824	1749
2288	357	1816
11485	642	7295
10818	289	6194
6834	708	9836
10525	415	689
5480	289	4732
2908	243	10781
7563	642	7452
5136	323	5094
308	640	4089
4613	642	2497
5943	824	1717
11737	125	7496
9064	800	865
2757	351	3129
8155	289	6840
4438	323	7146
5567	824	1793
1805	448	6200
10330	125	8690
10611	176	7549
5990	372	5264
3040	351	949
745	502	4385
2810	386	1204
5122	289	7578
5935	415	1166
10438	17	9438
1235	640	3455
3746	824	4594
1657	27	3298
3252	243	8325
11790	351	2036
3612	351	2036
6246	231	5168
11349	642	8029
3143	351	2036
10522	824	87
4727	493	1707
2142	351	1095
2560	824	2908
8212	289	8208
3345	779	918
529	415	1117
4555	352	5074
4496	201	1021
6883	824	3206
11497	289	498
381	289	7199
7957	150	8502
3881	824	11564
3031	339	245
5501	289	2453
9225	419	753
7355	203	2860
4158	150	4432
2451	415	688
6817	243	7638
762	289	4529
5990	448	9715
3337	415	1173
10878	392	2591
9266	912	1099
6657	289	6786
6870	150	5851
10934	289	2131
3337	231	10168
9402	125	412
420	176	210
7618	448	10636
2048	779	1896
5540	62	4953
4298	824	10480
6889	415	1148
3363	243	2497
1916	779	1915
6109	357	1816
11054	289	4089
11316	779	3025
50	454	165
9969	824	11600
5582	243	6485
2074	284	4899
4920	351	957
232	448	165
5314	243	10020
5233	297	280
8651	125	7559
9037	642	10264
6994	357	1816
11520	637	1782
5433	176	10759
4590	289	4428
3254	289	591
655	351	739
483	289	2464
3596	640	7588
2373	926	2930
9106	448	5117
816	150	11247
6699	511	3437
7018	289	4448
4438	351	2591
1322	166	2258
1490	357	1817
2651	493	2391
6125	243	6402
7847	289	2810
430	392	2036
3012	149	3011
9503	289	2002
5246	289	9466
7481	289	5701
1772	642	4186
3143	366	4251
1497	366	1808
5104	357	1816
1796	419	753
5482	419	753
7964	289	815
8186	626	645
2497	323	5094
4498	339	1314
10546	419	753
7714	289	5051
831	357	4109
8975	824	5901
6906	824	328
10971	640	11200
594	824	5705
10201	419	753
5263	62	2619
3236	289	6537
4089	824	3301
9131	640	3767
3219	289	495
4166	415	682
1390	351	2666
347	289	2221
3675	204	4112
2002	366	1808
3017	289	4840
7516	150	11247
378	448	6872
374	419	753
459	289	521
3151	352	1817
9151	176	5014
5186	243	3071
3730	125	11337
8858	339	4520
1937	779	477
3972	94	948
1626	326	620
2439	351	2645
1414	323	7218
5374	642	8474
8779	289	8230
3391	338	4210
8886	342	7532
1798	419	753
3774	351	2934
905	779	4257
1891	284	870
1395	448	3630
6657	289	9298
10356	926	2666
7964	125	11353
4183	419	4331
11125	415	1153
2085	157	3086
4727	284	2782
5259	289	2952
11744	357	1816
11405	938	10307
3626	779	2371
9657	824	4609
8285	392	4719
2486	166	3331
11227	419	753
3739	955	372
877	824	7018
11054	125	11337
1779	289	8172
1730	502	4390
2833	824	392
10021	289	11667
8286	125	7496
11562	125	8
8475	342	8072
10030	243	3866
11198	824	60
8046	640	4149
10018	289	5492
414	289	9682
8860	289	5854
9255	824	1753
1802	289	7363
6106	448	10241
983	254	3025
4587	289	4391
11003	342	6989
5079	511	2106
10670	926	4568
8855	351	8642
10756	926	2198
1622	642	11713
3539	392	3358
1084	415	686
1728	342	6931
1782	77	2934
10971	289	11200
2533	824	746
2451	415	1132
11081	357	1817
5686	419	753
8504	926	2933
1307	708	681
2622	357	1816
207	854	4435
9359	289	4424
10424	419	753
7760	448	9681
8475	912	10924
1099	605	1445
11176	415	1169
4222	231	10168
1993	824	3300
2100	289	10568
6154	176	6582
840	708	681
55	616	54
7204	243	6370
6961	926	940
4584	176	6373
6673	351	2933
7099	949	4229
11370	419	753
3055	448	7582
1684	246	2257
8436	351	2318
3839	779	1816
7073	642	11434
5333	419	753
11637	448	5018
1959	824	11146
1071	351	1816
4475	352	2591
7992	502	3294
10802	231	7029
5680	402	5717
1795	243	5829
2756	415	1125
3933	351	2933
1375	366	4053
5169	289	993
4211	289	4550
5263	313	2619
3778	352	1048
8574	176	4962
8002	372	7352
4182	289	1967
10438	17	11789
4524	351	1079
8155	289	11648
3483	392	2934
10537	955	302
4211	640	9853
8973	125	412
6139	356	11744
667	150	10576
7876	415	1159
10198	357	948
6240	448	3819
11226	640	10953
3849	779	2371
5963	289	8387
6635	824	10099
1806	289	1391
10374	289	2579
459	640	4202
10493	125	268
631	351	5108
5602	289	3746
4541	670	5359
3529	357	1261
3960	415	1124
3660	640	5663
532	824	5122
1771	150	7375
2288	289	1002
1764	289	10413
10297	357	1430
168	289	1718
3765	824	287
424	289	7920
3067	955	10867
1394	493	2569
3776	284	4437
2914	493	2391
9421	342	7979
6194	824	11
7240	125	8690
10903	955	11080
10034	125	8653
3389	68	7025
2349	323	10281
8561	912	5502
8844	779	4080
8026	372	187
6474	289	1381
9162	419	753
6108	289	6544
499	289	8868
4502	339	4506
8356	938	9818
4605	357	1816
4566	323	5092
1089	342	8623
7652	419	753
630	339	4868
191	448	5018
10493	642	2146
1683	289	11185
7715	824	4916
7972	339	4829
4398	708	683
4554	824	0
4749	289	2310
2572	351	1030
8627	448	283
436	357	1817
1315	351	4955
2315	448	25
457	289	7831
2246	289	5842
9076	419	753
3250	289	7831
8149	415	1166
3869	824	898
5956	176	8937
168	419	753
5923	484	1870
298	289	4541
698	150	8499
3041	824	328
6873	125	7496
3301	243	4089
8840	640	1323
11520	313	2571
9204	642	9367
2720	640	9252
10642	289	843
3379	912	1100
1980	955	311
9055	289	594
5152	642	8959
2282	824	6553
925	289	4383
4444	323	7218
339	626	4202
3866	415	688
2618	323	5095
7170	357	1817
11102	415	1123
10941	357	1816
4211	176	11386
8919	342	8072
10204	637	7758
6287	323	5095
3660	642	8
7538	824	1813
8494	243	3767
1782	313	2571
10990	289	3768
6684	357	1817
4821	640	648
11171	640	6421
3135	339	4920
4003	824	8079
2951	299	1097
6031	357	1816
9669	419	753
6125	150	11732
6388	640	11082
5351	448	1973
10903	372	11080
10934	289	4537
2669	323	5094
9511	642	9802
1777	289	2811
11578	419	753
10474	824	6806
9682	824	413
7491	824	3299
5476	289	11198
3397	125	430
7750	824	2551
9800	824	11
904	342	10687
23	448	9189
11128	419	753
9624	176	6373
10442	289	2296
6870	419	2123
7204	357	1816
9702	125	268
283	454	4139
10385	289	4152
88	125	448
7440	640	3064
9068	125	237
3220	642	9608
4982	357	4141
214	289	4732
3310	626	4202
2757	27	148
6994	150	5851
2575	342	5225
3319	289	2116
2906	289	4430
11291	289	5964
9284	640	1410
4529	824	762
23	926	2532
4385	643	745
816	419	753
6251	642	4890
5110	352	1635
5819	357	1817
10483	824	7018
7036	642	5996
5249	511	2106
385	342	10687
10459	642	7449
6920	372	5834
7240	357	1816
5148	824	1934
4969	366	1808
5280	289	8172
7560	289	2594
10976	502	4290
9064	357	1817
3253	150	11740
1687	769	2927
7249	176	10069
10875	351	910
1806	419	753
6398	289	7491
11260	342	5707
1094	419	4065
2318	357	1915
10863	289	9682
167	289	498
4486	448	5019
1980	372	311
2422	419	753
5246	289	8731
904	912	6318
7444	419	753
1820	149	1641
6923	289	7126
3208	125	7559
9942	419	753
10282	289	6019
9285	176	3039
3252	626	4889
601	419	753
9284	150	7399
233	243	2222
9857	415	1170
9800	17	11
10209	342	8880
7571	824	423
9982	125	429
10594	289	1414
79	125	241
8545	357	1817
5871	289	8488
3298	289	4537
8220	824	409
8627	372	7485
7748	357	1817
62	448	6637
3447	176	7549
4554	366	1808
8867	351	2312
10642	289	4415
2927	419	753
11345	243	7295
3924	366	4751
1771	243	11621
5711	284	3682
815	824	225
7905	642	11613
10243	289	4546
3229	289	7045
6088	824	1759
3011	357	752
3497	357	1816
7004	955	8610
3682	284	575
5690	243	3861
2567	357	4855
3307	243	3966
10000	208	2934
6693	448	101
6422	289	1864
1375	351	5062
8340	419	4142
6681	415	1168
8273	642	4195
4722	352	1742
8020	419	753
8627	448	5520
8338	419	8844
4992	372	8427
9684	642	9442
2545	125	110
5801	561	2829
2713	351	2888
4922	926	1058
1796	642	3418
6197	351	1079
3732	351	2698
8026	448	305
2089	357	1936
3467	769	1257
8147	62	831
2883	386	8829
4606	642	412
3932	708	1198
11516	448	1676
3713	149	4229
263	357	752
905	779	2596
5636	150	7819
7649	125	84
5233	448	7996
1245	779	2371
2239	779	2238
6580	357	2049
11142	125	268
4098	357	1914
10108	342	7924
1877	695	2969
3982	824	4260
3249	800	8385
6793	372	8031
9077	125	7559
11054	289	11585
14	926	2196
178	640	2222
1044	670	5359
4366	824	3749
6817	176	11710
8149	415	1168
6927	17	3159
5964	34	1816
3924	351	752
7556	642	8474
1934	640	5148
4703	492	1899
8561	448	3736
8858	284	10560
4605	289	4396
4897	339	3778
1635	419	1263
5806	912	10924
1770	419	753
6459	642	4621
3020	779	3019
6578	289	4391
5421	448	8681
5845	824	5770
6728	912	2553
3135	351	2933
7037	125	135
9565	125	268
2953	448	4441
8720	289	8541
2774	243	3455
8886	448	2822
1381	824	5919
10236	419	753
5781	62	1817
6866	402	67
7217	511	2106
11022	289	608
312	125	7496
7615	642	5554
9872	415	1159
1395	342	11344
8212	125	241
3194	419	753
531	415	1159
4153	351	1816
23	448	4977
3857	125	237
294	289	3931
10108	926	8068
8605	289	10270
6850	289	608
7004	372	8610
9905	419	1937
10388	824	9549
5382	289	1381
8747	955	2575
8653	107	7827
4916	640	4464
7609	176	9912
5764	125	8
2019	824	7738
11599	912	4850
6676	640	11640
167	289	9802
4554	351	2399
11786	231	7029
10131	824	1760
2221	824	7776
4647	351	2933
10841	502	463
10522	824	8577
2899	351	2770
8861	926	2591
8627	372	332
11546	176	10965
655	351	2208
3738	511	4161
1235	243	537
3823	415	686
2315	926	2619
4594	125	253
2574	351	1058
837	289	1044
7730	419	4142
6423	448	6416
672	351	3036
11484	289	3560
7577	289	5336
3986	419	1871
6319	824	10813
4868	419	3849
3306	289	4567
8284	640	5140
2664	284	9363
6657	289	6537
240	289	4996
9840	289	8220
4147	357	3391
6655	289	622
9695	352	2036
7611	150	7876
11624	824	11236
10642	357	3394
7178	926	3957
4958	493	1261
7325	357	1817
8466	448	11221
10941	289	4493
2291	149	1025
4307	289	1343
3839	779	2049
10858	526	270
3951	342	3370
2077	166	2552
3363	642	654
7445	351	2395
9677	824	10248
8898	289	3734
1792	243	4196
10154	955	3059
6655	357	1816
8292	243	7779
2206	351	1897
11685	642	7525
0	125	142
11195	419	753
5819	289	5323
4952	824	5374
9175	642	11513
483	419	753
5172	289	561
1378	243	3860
6287	231	10168
178	289	10640
3787	351	2591
10108	912	5502
1248	637	9954
8377	372	200
6603	357	1816
10493	176	2146
3315	176	10294
2631	640	4928
10163	150	8573
7281	289	6287
3446	357	1816
2439	351	3993
9703	352	4873
4916	289	4464
6041	231	7029
6622	176	8396
8464	626	2301
10846	357	1816
11745	415	1123
837	125	399
10866	642	6409
8041	289	1741
2760	955	158
231	372	236
3995	511	3963
10469	419	753
3970	125	110
9291	357	1441
328	243	3041
356	926	1261
11790	448	2822
8354	176	605
19	448	11412
2626	642	7449
9743	289	4104
10934	357	1816
3395	779	848
7814	289	4372
6476	62	10869
5474	448	6389
7018	176	497
4195	824	1494
336	642	7449
2986	448	162
3488	62	3967
546	352	3957
594	415	683
3314	289	3612
9835	289	3924
8284	289	5140
6268	926	1215
8028	824	6866
816	243	1631
3229	176	3039
11532	125	237
8246	351	2839
3157	598	768
11702	415	8498
4314	642	10739
520	640	2307
6781	176	10786
4248	289	1995
5113	176	6692
10719	642	11542
193	640	10151
5795	419	753
5631	419	753
224	448	1480
1873	642	2851
4952	231	10968
11380	357	1931
3589	342	1464
3055	448	165
8186	357	1816
5482	125	110
2758	366	1808
6125	289	10270
9525	176	10332
4602	800	8363
2075	637	3507
4996	366	1808
2638	125	9997
3426	284	8929
9234	448	3630
2605	289	2922
9994	642	10257
424	357	1816
4840	231	7029
5711	955	198
6817	357	1816
8743	357	1816
1789	289	2952
7772	289	2796
5859	419	1871
8504	912	4251
7355	203	3968
385	448	3545
11578	243	1323
10132	415	1125
6698	289	10953
5501	289	4729
206	351	2933
5333	640	7927
79	357	1816
1864	824	6422
7606	289	887
161	480	262
8667	926	2933
8	441	6909
3363	642	3876
1245	779	1931
4489	284	575
3511	62	2826
2617	415	1133
6294	372	4368
13	289	4554
6578	176	4987
3982	415	683
9510	642	6736
9624	419	753
8869	231	1193
420	243	6754
10374	642	10525
5295	372	8356
4065	779	3675
2141	415	682
2147	352	1816
62	448	291
1938	351	1271
10867	351	2532
983	254	1621
11546	289	4479
3464	493	2391
1814	357	1816
1766	419	753
5233	297	462
9421	342	7220
6093	125	268
5067	779	2340
8031	926	2399
1797	357	1816
5104	176	11386
4722	34	1261
9011	642	8682
2141	352	2036
3779	352	1042
1080	352	3957
1507	403	3283
1424	289	8925
869	352	2949
1088	351	749
8537	493	1488
8400	357	1816
2085	410	3002
7016	419	753
4187	289	2023
7560	289	6786
7636	289	6822
4594	289	3746
10850	419	753
4896	125	241
5527	289	3152
8677	176	9661
6869	640	1321
2006	342	7883
3236	125	448
6292	125	237
80	484	1816
3223	125	268
655	912	5350
3261	419	753
8285	392	3007
7262	289	2209
548	339	3077
6693	448	305
9064	289	4511
7410	289	4128
4582	231	11771
6170	448	10029
10334	640	2615
11676	912	2706
580	415	1135
3138	930	3769
5172	289	1718
9285	289	2570
552	366	1808
852	326	2801
4601	289	2883
905	779	2090
2284	352	2036
608	351	2888
8269	824	4182
6806	289	10474
4520	339	2073
8218	352	3565
328	419	5000
8519	642	5218
5014	526	2360
4150	351	2919
2025	208	11262
11786	824	4083
8354	419	753
3067	448	25
8493	351	767
5314	642	10020
11084	176	9154
6041	386	8245
2669	231	8062
6053	243	6370
5214	125	9997
3586	125	300
7805	448	25
19	926	2395
7964	289	5106
155	448	4667
3337	323	5096
4182	419	753
8243	640	8959
2521	34	822
4906	708	6475
6603	289	842
5795	243	1321
1681	289	591
4153	351	2933
6528	642	8333
9151	640	11557
2307	351	3846
4535	289	4398
11061	176	11386
6019	351	6670
2462	708	8529
2422	125	9115
3497	949	1816
7064	448	1676
1634	351	811
8789	176	10134
4225	289	4089
2246	125	237
6688	77	1079
5169	642	4617
4727	351	752
8284	640	7988
10919	955	5474
4089	386	6090
3857	642	654
2161	417	881
2231	351	2591
6580	642	8854
461	642	5059
3303	243	2874
6569	415	1128
5569	284	9245
1490	243	10290
6196	642	11206
10605	642	6161
1980	372	7470
6	289	4710
11195	289	2310
1760	125	8
9276	642	6736
340	289	4729
3817	351	2930
9443	289	2364
3256	642	212
7715	824	8305
7170	289	4430
10301	419	753
9702	640	5980
2238	126	1714
10121	323	6553
3504	62	3570
9290	402	67
1388	351	2933
2860	149	2858
8354	289	4415
7045	824	6994
2994	351	5074
659	626	1986
53	448	3630
1656	637	3525
8255	926	1816
7776	289	3894
11015	640	4089
7513	419	4703
2419	339	2572
1757	289	3982
5749	289	4952
4658	289	4465
8720	125	8690
7497	357	1870
10605	150	7876
6268	912	2705
82	357	1261
4181	289	1967
19	448	3630
8844	779	1900
1497	824	3299
5806	448	3819
394	176	8295
5338	824	3228
9055	176	8886
9131	289	2447
1794	642	448
6830	448	11087
10021	289	8387
7907	289	9354
2832	357	1816
10801	642	2146
7503	955	195
7543	125	7496
7568	243	9083
5166	357	1816
1768	176	2146
5886	419	1937
4588	289	2535
11471	351	2361
8293	415	695
4610	642	8202
3111	824	6025
3253	642	448
432	342	5225
8541	351	6977
4430	323	10281
4334	243	5003
10583	150	5891
4214	176	6491
6860	289	4968
11227	642	6431
302	926	2933
10866	289	2793
95	357	1817
561	386	8829
1961	357	737
11648	824	2808
4996	231	5236
468	642	84
8399	289	1967
4597	289	2218
8488	824	11744
5819	642	11657
7908	357	1816
10971	243	11200
377	289	1294
3475	38	3476
5586	176	9595
11546	419	753
4855	204	2567
8605	289	4221
3146	926	4346
216	726	1700
3043	824	4598
332	448	7362
376	289	4417
8259	243	11713
338	289	2019
11351	299	2399
1768	357	1816
3045	366	4751
1728	912	4251
11142	243	11458
48	289	2758
7563	357	1816
580	352	2933
7502	289	3924
8090	800	5375
3551	289	1741
1415	747	3493
2452	351	2933
9175	289	786
10575	125	269
2231	366	4751
9233	912	4251
8789	419	753
1271	126	4585
8085	357	1816
4437	448	5117
8802	357	1896
3231	176	11710
1645	779	797
3141	652	4161
9503	243	6634
7363	824	9431
11260	342	11311
904	342	6989
9413	448	10636
356	448	204
8451	800	6975
4180	289	887
6294	938	10071
4307	289	529
8061	640	8474
3608	243	3861
298	419	753
667	640	8183
10760	351	3568
4976	643	3138
2072	824	2359
7905	289	10953
2206	351	1901
5323	824	7444
10163	243	5530
53	448	3819
753	492	1899
11737	357	1816
4856	492	956
163	526	1102
1745	176	4828
8218	92	2179
9125	150	8181
7813	125	253
9753	448	1676
2617	824	4916
4546	372	57
4413	92	3809
173	107	10470
76	642	8474
4508	502	3138
10850	419	1252
10004	626	4829
3347	415	1150
9816	357	949
960	419	753
10031	824	6554
5548	419	753
4367	342	5225
6635	824	9289
746	289	1883
8031	342	7532
3190	289	4501
1778	289	2223
9677	824	10736
11280	357	1870
3303	419	753
4331	779	1896
10504	351	4451
4959	289	8931
886	912	5350
8743	125	142
1406	351	2933
3638	176	9154
3254	289	3045
10769	642	9442
10616	448	6416
7624	415	1160
11385	357	1817
9511	289	9802
2669	231	1193
11022	176	10134
6695	824	7589
378	926	2977
3157	339	2750
3091	38	3093
9151	642	3095
5711	448	4977
1080	352	752
905	779	2589
2233	824	555
666	150	8499
4585	357	1271
4394	448	5018
2908	289	2560
11758	125	268
308	357	1816
2236	824	6743
6459	289	4621
9818	372	8356
3304	642	142
4394	526	4012
5213	372	8828
5811	926	1816
7278	62	5108
2224	352	2606
594	824	1622
8149	415	7698
10108	448	3630
5633	125	9928
5144	289	4925
9155	928	5506
3192	289	4501
4896	289	9050
299	938	4891
4468	926	3967
10814	289	8206
7868	150	8499
1967	824	6375
2418	366	4245
8825	351	2933
4475	930	4725
2750	284	3157
5764	289	672
11532	243	11442
3128	926	3373
3221	150	5851
5079	511	3592
2975	357	2009
11362	289	2349
1813	640	10749
7083	289	7858
8430	289	11404
642	34	1817
509	176	9759
1958	824	2164
8413	642	4460
3297	125	84
11297	284	6656
6540	926	940
4152	824	1824
5213	955	10414
10485	415	1121
2378	511	2106
11084	289	5584
2667	366	1369
103	357	1641
7262	419	753
6962	441	8
1406	708	684
6694	125	10477
4579	511	3963
132	955	10071
457	419	1263
2935	670	8165
5906	176	9002
9942	125	84
589	351	2395
8629	357	1816
11444	150	9789
10498	415	1169
11130	150	7819
6789	176	10933
4573	289	4480
10217	415	1141
9402	289	4089
3186	150	7876
4579	708	3995
3711	642	268
9064	125	268
2631	419	1096
1314	351	4228
2440	419	753
4248	243	2851
10497	289	5648
630	339	2582
172	626	4202
7176	419	753
6755	642	8333
236	938	2334
1043	357	1261
2206	352	2934
823	338	1472
210	448	262
10743	448	2764
8619	824	2250
382	289	7199
8557	769	4855
3829	824	4609
3193	357	1816
6223	415	1159
6619	637	3526
5567	824	1792
555	289	2233
7972	339	3135
3319	125	444
10736	243	8980
5801	289	4888
5059	824	10280
7380	642	7757
10442	289	7097
1505	289	6897
6870	243	2497
8747	955	6448
9816	176	9912
11396	231	10168
10608	824	1305
6093	357	1816
7721	484	1816
4546	448	9477
614	351	2514
184	289	10474
3216	419	753
11022	419	753
818	243	2195
6268	448	292
3379	352	2395
6109	289	2449
5764	289	3881
10550	415	8257
1335	323	1692
1759	642	6878
2922	323	5095
4162	926	3129
2551	289	7750
5343	415	682
5996	824	9276
3199	419	753
11073	176	9154
7	243	1409
5213	372	10414
5003	824	7019
6672	231	11216
8493	926	2036
460	289	3444
10263	640	3066
2440	419	1263
5122	357	1816
1777	243	9148
10108	448	3819
9745	176	10786
5811	926	1079
6444	419	753
6619	62	2395
11276	125	253
7748	289	3748
529	352	2591
171	642	2497
9211	419	753
9702	642	5964
468	419	753
11502	289	4444
7455	289	3560
11802	357	1816
8189	926	1052
5248	448	7655
6268	448	4977
11245	640	7779
1656	352	4082
4840	17	288
8714	357	1870
1391	27	1775
8451	642	6754
5079	351	1927
2073	284	4958
1993	824	5901
4606	419	753
4497	94	1816
436	176	10933
2953	448	1361
6354	926	788
2852	448	10636
4647	352	2977
6655	289	3448
8186	289	3894
6962	484	1816
10477	392	4719
3972	352	2395
6287	231	5168
10635	419	753
4533	231	7056
4748	289	3337
6459	243	2451
746	243	2533
7161	912	3037
4126	824	11562
4820	351	1641
4484	352	1816
8398	912	4251
2872	640	7084
2398	387	553
7748	289	2017
3253	289	4537
2493	231	11771
1635	204	994
4890	342	1464
56	695	218
599	176	8296
5898	824	3299
7	289	1729
9291	626	790
865	824	9064
10867	912	5502
5791	955	10907
2551	289	5106
4192	92	4852
4587	125	268
816	626	1631
2345	410	2603
11391	357	1817
294	640	2195
3052	342	1464
2651	204	2650
7085	484	1870
3140	366	1808
238	208	3374
853	824	1802
4597	357	1870
3208	176	5319
7957	125	84
2804	419	753
339	642	6409
8504	68	8686
8629	637	5926
606	351	1095
578	34	822
3539	313	6984
1718	824	168
2459	926	3358
372	342	3739
6170	448	5537
10990	357	1816
9504	243	3827
1741	824	79
3682	342	11487
4544	865	1807
10905	415	1125
8519	640	5218
2074	352	752
9903	392	4290
4610	289	2952
11676	448	8781
2695	17	148
4520	708	1198
3739	448	10636
4186	415	695
8466	448	3819
14	926	6526
9905	289	5475
9435	357	1936
146	289	1994
87	642	3136
3993	77	2645
3476	204	3475
986	352	1231
4211	419	753
9669	289	5996
10485	415	1123
3045	351	2395
5113	419	753
8462	926	2934
6015	419	753
2218	366	4751
574	150	10881
3747	824	73
7804	289	6467
7964	289	6091
11297	342	5673
6688	222	5960
3698	912	5502
10154	448	9681
643	27	3189
6694	419	753
8454	419	753
8861	955	11676
10875	352	2621
35	640	4379
10263	176	411
2486	166	3330
8440	642	5663
8651	289	4422
3479	338	1472
10000	208	1816
2997	342	2360
2439	448	1075
2364	366	1808
7618	448	3819
56	417	6439
2090	419	905
8398	372	3682
4398	415	1143
10578	125	268
1730	351	1079
9062	419	4331
10437	122	2006
7854	372	3996
6076	357	1816
2664	865	1807
6516	289	7239
3067	342	11311
6302	415	1121
10407	62	3993
2449	824	6109
4685	926	2645
3781	351	1023
4474	926	2826
4602	243	4195
10119	824	87
3136	824	87
520	357	1249
599	150	10550
5791	372	10907
2779	351	5074
4840	824	7982
1322	94	3846
2642	357	1816
1980	342	5664
10772	824	2724
10071	342	10420
5567	824	1794
9421	448	1973
7336	289	2497
10525	415	1161
2224	708	1911
7485	342	7979
9905	289	2952
6423	342	10687
2085	708	8529
1681	289	7779
7045	824	1792
3140	351	2036
5586	289	2952
9152	640	3065
1805	402	140
495	824	3219
456	484	1816
11553	289	8294
7545	232	983
4836	126	4151
6268	955	5723
10151	351	3373
1749	289	2883
7814	289	608
5845	231	5535
3746	824	2622
4678	77	1488
8867	339	4945
9684	289	7134
11269	448	6416
4390	92	1445
6474	642	11335
4213	289	4398
236	342	449
1416	342	2933
9181	243	8297
8377	912	553
11530	642	6736
8021	926	6567
5169	289	4617
7380	357	1816
10731	243	1311
8861	372	11676
4072	419	753
8011	640	8125
2484	708	1196
155	448	10029
1102	204	4267
2523	351	2011
11195	176	8937
5455	824	501
5806	955	8418
2183	68	8707
6670	357	1870
3586	419	753
3740	824	4605
7440	289	4458
783	912	881
3223	289	6319
3636	779	1920
4309	176	10933
5109	289	7199
4992	955	2467
10986	824	3017
5545	410	10748
10689	150	11747
6681	415	1165
6735	342	10170
1931	204	1882
6785	231	5168
10067	419	753
10318	926	4226
5112	125	241
3986	419	753
8544	448	4441
105	289	10541
2385	448	3818
53	448	7582
3660	289	8777
374	289	6805
575	448	305
7217	511	3592
11485	243	7295
8189	926	5860
2549	125	253
495	824	1756
5723	955	656
1406	352	3939
3627	289	2883
11737	642	9252
11407	125	9928
6867	824	243
4579	708	7811
10213	392	2036
9743	289	2260
3155	357	2090
1721	284	9363
4369	824	8908
338	243	6634
11645	289	6695
1799	640	11230
1497	351	2049
10823	289	8220
2462	708	2603
925	642	1410
5616	34	1816
168	125	103
5710	824	6
10201	125	253
3270	149	1936
3303	642	444
3242	642	448
8898	419	753
7545	326	2743
6786	824	6371
2631	243	4928
3823	27	1767
376	289	530
6207	357	2049
1743	289	2579
5998	176	10786
3927	824	5521
59	289	2615
459	289	643
7849	415	1166
11171	642	7621
10163	289	4537
7037	419	1252
4915	357	1816
5586	419	753
4394	912	5502
853	323	7146
6107	415	1146
6684	357	1816
7428	150	5851
8855	448	1676
609	824	1681
7064	351	3993
11391	289	7780
2453	415	1162
11343	415	1165
4072	289	4081
10480	289	4616
2893	149	2839
3745	415	1168
5051	819	3243
7854	372	3756
589	824	11600
4459	824	6676
2048	779	2086
340	243	6634
3566	351	2514
8466	526	697
7087	243	5431
6273	289	10031
10406	323	7146
3304	289	4517
3972	299	1249
6755	357	1816
3738	652	4161
4524	643	4475
4461	372	372
320	289	1975
5011	201	1922
6846	415	1166
3446	419	905
4372	824	303
4520	448	3958
5179	351	2036
5686	289	523
2851	351	2933
10620	289	7231
2073	865	3330
9225	150	9789
7517	824	6714
4963	912	5681
5445	448	2822
5819	357	1816
5723	372	656
9193	926	1488
696	352	3550
4400	410	2653
5382	289	10614
60	289	11198
1314	284	3787
6408	926	6567
766	204	2770
312	357	1816
4897	284	4928
901	289	2856
4757	289	4534
3253	289	4728
413	640	537
4710	351	2395
11562	642	10518
5002	323	5092
10060	626	1986
3570	357	949
1814	357	1261
8155	289	4052
1415	747	3499
10621	289	7517
1395	342	5664
5859	289	9045
2100	289	3456
5025	539	1922
11783	419	753
870	448	4860
5297	289	6319
367	926	3421
5906	642	9252
298	357	1817
1813	289	4458
6478	289	8868
6744	62	7221
823	622	2779
5527	357	1816
7908	626	4911
9441	289	6897
545	284	8867
3616	642	678
5997	419	1937
2085	351	10313
11383	289	3867
7355	203	3092
9520	926	752
7262	289	11198
5902	448	3736
8451	289	2793
6929	289	5057
4448	824	3236
10874	526	2360
496	351	5727
4928	351	1058
8779	289	2220
10581	415	1136
10301	357	1817
8435	289	6883
4309	642	135
8755	357	1816
603	125	400
1764	289	5274
18	484	1816
7249	419	753
7027	176	5773
4943	824	11783
1912	357	1816
6398	357	1261
6031	289	3927
5476	357	1816
5593	351	2393
8517	289	2017
5246	289	4905
7714	357	1816
17	926	3129
7854	955	311
11236	357	1816
2146	323	11610
1327	824	7087
4466	415	1136
680	642	3072
4434	708	1197
4152	231	5236
231	342	9456
3056	955	236
59	419	2338
3297	289	1381
6125	289	1381
5998	357	1816
6459	419	3849
8615	357	1441
5728	289	5448
11074	125	268
4831	708	1196
195	342	7883
1873	289	4410
3316	357	1936
6535	415	1147
2904	149	3019
3819	300	335
3638	289	4728
7308	289	4428
4158	176	4480
191	448	6416
278	615	399
755	254	1026
2596	419	1252
3304	243	803
7304	448	9681
1080	448	2388
496	511	3594
9233	448	8366
3055	448	162
10323	415	1122
1024	38	1667
9252	323	8254
3866	351	4290
6675	642	6455
4052	342	10420
6060	392	6977
2298	351	1635
311	448	10636
1305	357	1896
11341	342	8623
6500	289	1657
8720	419	1871
7673	289	5499
10906	351	2589
4113	125	400
8189	448	292
5169	125	268
11685	642	6409
192	342	5225
4108	642	3876
2828	448	3736
1797	150	7375
287	642	5554
1305	289	4478
9141	351	3391
852	326	986
1789	642	448
4647	342	10724
1399	419	753
904	926	3129
4065	779	1094
1728	912	5614
3866	415	1147
9364	297	451
7957	176	9865
9599	289	5448
405	243	7779
9942	640	523
3270	149	1241
6994	419	753
6474	642	11513
8340	640	648
2582	448	10948
9116	357	1816
8112	357	1817
7854	912	2706
3256	289	4952
11781	289	3894
3867	824	5819
3304	357	1816
894	642	3072
4472	352	9667
623	289	4536
5476	289	3723
8815	289	7045
5886	176	605
482	176	11710
10479	511	5195
2244	640	10037
8639	150	9083
5212	150	10550
4002	708	1196
401	342	7456
2758	351	2933
4898	352	1043
3730	176	10069
9776	243	4578
5080	351	2168
4537	824	8519
10903	342	5661
8667	912	5502
7351	640	3038
4398	351	2933
322	125	429
83	926	2395
5640	289	4577
7444	125	268
1094	204	4031
4473	415	1122
8828	912	6318
11578	176	3039
8454	289	2875
466	448	5117
499	419	753
3861	323	9910
8398	955	6343
219	357	1816
8976	642	6754
9359	243	2497
521	824	423
4492	955	94
302	448	3545
3756	342	10687
5961	357	1870
10659	955	4992
1732	289	11021
10414	387	6318
4541	351	1285
2973	289	2141
6769	176	3128
10522	231	87
10362	289	175
10392	492	956
9758	642	661
3566	351	1014
8122	912	3667
2545	357	1816
11171	289	5349
9041	289	887
4108	243	3980
3301	642	8200
10004	357	1816
2589	204	3789
466	448	9681
9315	342	7653
4151	357	4836
5300	912	8853
10912	176	11710
5770	289	5845
765	351	957
4612	642	11206
1693	289	3950
4447	448	10636
4602	289	1416
1824	289	4438
3774	352	2036
2664	339	5110
7908	642	5554
609	415	682
8677	289	4714
3638	289	4220
2759	372	2466
5499	824	6252
6109	642	10716
7336	289	878
7995	313	7183
1390	352	2666
3249	357	1816
3950	351	2933
2453	824	10594
4072	289	4943
4525	351	749
421	289	7199
8704	392	2591
6961	926	4568
1406	352	2036
3306	357	1249
8877	289	530
6728	34	1816
10996	955	200
4194	351	2506
5964	94	10097
3740	352	2036
10297	289	9917
1760	289	3817
1507	351	2395
5186	640	3071
4497	351	3007
3194	357	1205
3193	176	7906
2417	339	1388
3146	342	8880
3823	386	8829
6681	415	8498
1753	642	448
3252	289	4729
2594	824	7723
4310	289	3830
10801	642	4195
4510	448	652
1424	176	10134
7560	642	9367
2235	351	1227
216	392	2036
3240	640	2874
4727	339	911
3315	289	7214
1235	642	4488
5806	955	6436
10131	824	1693
696	912	4241
11741	125	8
5901	419	753
6219	176	4482
1799	289	4616
6252	125	446
2582	912	5350
10660	747	10313
7537	342	8880
11074	289	4566
2074	339	1891
10331	150	9192
2497	323	11610
326	150	5851
5144	176	2573
4724	351	3993
11622	926	4346
5249	351	1931
48	176	3039
3316	357	1817
8844	492	956
818	289	2521
1378	125	429
4927	415	1131
11444	642	9857
2501	243	4186
4728	824	5901
4610	419	1645
5474	342	7924
9140	289	2435
3950	824	2724
5455	824	3204
5382	419	753
327	926	2036
5403	289	2883
8427	351	3568
163	926	2036
10002	342	7456
5144	357	1816
36	342	7941
6066	357	1817
7690	125	253
4611	243	9707
1066	284	2307
9684	419	753
1308	448	2822
3575	126	2317
7649	640	8758
10850	289	6185
5616	448	1676
2002	415	1167
5602	289	7858
9549	125	412
7453	326	1322
6959	448	292
870	339	1362
3228	642	4890
6372	419	753
4669	351	1816
11558	125	269
1254	326	4524
3482	62	2912
2920	204	2919
3379	351	1817
10442	289	2260
10739	323	9910
5112	289	3052
5781	62	637
7674	448	10193
11297	448	8681
9426	392	3374
11054	642	10145
11139	357	1816
7297	448	11464
4314	289	4166
11562	419	1252
11171	289	3444
6292	176	6373
4334	125	444
1047	126	2056
7715	824	3309
10996	372	200
2915	824	11336
4517	824	10480
59	289	2848
1771	125	8
10248	125	110
3314	289	7491
3386	366	1744
4827	351	820
4584	800	4379
4152	708	681
6222	392	2978
4849	441	1381
3447	642	430
10659	926	2934
4524	352	1079
6864	642	11168
6076	150	10393
11227	357	1816
6744	357	1816
960	642	444
1034	94	1641
7964	289	3882
6830	448	9340
10297	640	2335
603	289	4537
7249	289	2915
2419	604	1257
6622	357	1816
6677	642	7621
6078	926	2839
4398	415	1136
3882	366	1808
6066	642	8202
10866	176	11773
8919	926	1363
10004	289	4425
1795	125	84
123	289	4559
6654	769	2395
2283	708	1197
2317	357	3575
408	912	2706
8653	484	3550
8246	352	2839
231	448	406
10355	824	11119
2876	351	1486
10198	357	1261
3882	342	1464
6693	926	1889
11432	448	5019
7577	357	1816
407	955	9172
6553	357	1816
348	392	3374
1693	642	7757
2856	386	8245
1752	419	753
3209	289	4430
1424	419	753
4669	339	1390
4158	243	5530
200	342	5225
6883	824	8435
352	289	1995
4749	243	1956
6930	824	667
11802	289	1301
495	415	1122
5545	410	8955
3345	779	1249
7410	642	11557
7257	289	3984
6106	448	6637
3736	454	4105
6	289	8387
4470	415	1153
11405	448	3819
10451	955	10174
961	125	446
4828	366	2702
1235	640	537
10960	415	689
9886	357	1816
5963	561	4422
4426	351	3036
8884	912	2706
8466	448	1652
6354	448	8366
6870	357	1816
3774	637	3483
6861	415	1138
10263	289	1959
5214	642	9442
2972	926	794
7922	442	8853
1745	289	4460
4991	351	979
8418	526	681
10480	176	9912
6655	289	4127
4385	351	3568
9921	526	820
1796	357	1816
4181	125	110
9986	640	2617
3202	642	269
6031	419	753
2833	643	2485
2782	352	4949
1756	289	495
4357	77	2591
7353	289	5996
1779	357	1816
35	800	4379
9276	419	753
2876	351	949
6025	289	3111
2570	912	5681
2244	125	253
3220	357	1816
2586	351	3550
9140	289	8477
7455	419	753
9703	926	2867
10907	372	570
2183	92	3809
5109	626	425
399	107	10470
301	448	1811
3756	926	4016
8755	77	2934
886	351	3846
11444	243	5815
2417	284	3157
10362	176	10919
3927	824	4896
2779	351	5001
296	339	166
870	351	3550
496	511	4161
7410	176	6373
5112	357	1816
3857	419	753
5892	289	6112
5134	642	3876
10934	357	1817
4394	351	2036
8743	642	3869
236	448	4977
10621	150	9192
7590	642	10413
2235	410	2401
2260	824	603
2481	351	5083
3746	824	321
5113	642	444
1315	352	2395
5690	150	9806
8002	912	5553
2494	201	1021
5892	642	9367
986	94	1265
9315	448	1973
7814	419	753
10443	448	5117
10736	357	1817
2856	824	3291
2288	289	8486
1764	357	1816
5540	357	2049
5898	824	395
8440	640	8619
10605	419	3849
9116	289	522
2183	944	4522
3297	176	3039
6744	637	11174
4727	284	8119
5115	243	3455
3252	642	8325
5653	176	9282
9116	419	753
5836	955	7004
87	640	8562
4494	708	1196
5571	342	9434
2969	352	1400
9510	243	6736
8544	351	676
62	448	9715
8670	955	11577
10443	926	4014
50	454	93
1770	289	9385
4896	289	887
11564	419	753
629	708	5227
5109	642	448
59	357	1816
10067	176	4962
231	854	3056
3518	392	820
8871	289	6287
9669	357	1816
548	284	4726
3207	243	2451
501	289	5455
10802	17	6584
1047	635	2056
308	642	3876
10769	642	9252
10977	352	4568
3041	415	1171
6619	357	1817
1728	912	2706
9948	243	5431
4595	357	1816
3224	243	3861
3996	448	3630
569	824	837
2757	366	1808
2278	415	686
3207	289	594
2419	284	2486
5602	357	1816
177	125	142
4212	150	11247
2713	351	2933
1814	357	1817
6423	448	5117
423	357	1816
9233	912	2706
4897	284	2572
8686	62	2933
2143	351	4981
3830	824	4310
591	351	3550
10912	357	1816
4379	824	4584
8199	419	753
11236	125	212
4543	448	10241
10642	125	7559
3996	284	10338
2667	366	924
9886	125	8
980	289	1416
7186	289	4888
10699	419	753
6743	176	9865
3031	448	2252
8898	642	8202
1995	231	7002
3685	326	4923
202	448	161
2827	149	2826
294	243	2195
2258	404	983
4852	357	2049
1813	125	8
6041	386	10072
1315	912	4251
8639	125	8
11625	352	4290
10263	419	1937
2970	326	2969
9794	419	1937
6743	357	1817
3246	176	6491
1285	357	752
1725	351	1249
1760	150	9931
11532	419	753
5545	511	6501
2852	448	5117
9162	357	1816
711	326	1415
6929	243	10290
9549	642	1375
4472	372	368
6025	419	753
80	726	1700
4413	944	3769
961	289	10355
320	125	142
299	938	2849
10763	323	5092
9427	289	9682
263	284	365
1071	590	456
9816	419	753
518	642	2222
5892	357	1816
493	231	9451
8464	419	753
3635	419	3636
2235	511	3594
11648	824	392
818	642	3873
4437	955	2385
5593	912	2706
4390	352	4346
1794	419	753
3119	289	10098
1490	289	4541
3698	351	5808
283	480	25
9768	642	7757
4498	351	1052
3734	231	7002
9760	448	6646
6578	357	1816
7	289	4733
547	747	3528
103	419	1645
9768	642	523
622	824	172
1777	419	753
495	415	682
5319	448	6646
652	454	1320
9624	150	11265
5819	642	3764
5835	415	10635
1768	243	2146
9510	289	9148
6866	357	1816
8181	415	1170
6031	289	887
925	125	268
5834	955	10561
8779	125	253
6493	351	1284
1759	289	4467
2179	357	2340
5290	824	98
8507	289	10953
966	419	3579
232	926	3374
1725	339	810
11043	448	1973
9396	415	10003
3684	695	4020
4153	352	1816
3236	642	2875
6443	339	4829
6273	419	753
6	289	5866
5144	289	4440
1721	865	1807
1692	642	7295
3347	323	7521
1717	626	5943
11140	415	1153
2579	323	5092
2642	289	3960
4573	289	3740
7116	289	2663
9818	342	7015
4546	342	5225
5676	824	328
8149	415	1160
8669	289	6319
2860	149	752
4593	176	7368
294	642	11542
10330	357	1870
10330	243	5003
10137	289	4728
4415	824	8574
983	326	2801
10210	357	2049
143	626	4578
11276	176	11773
11128	357	1816
11343	415	1134
4484	351	1816
4216	912	278
457	125	8
905	779	1904
8475	342	6753
4361	94	1870
5172	289	3868
3140	216	827
8199	125	212
3303	640	2874
9245	351	3374
1904	419	905
6684	289	3613
1814	176	6616
9150	231	5497
4595	125	8
10121	824	6553
6603	419	753
4513	351	2655
3191	289	4125
10121	415	1137
2452	342	7960
1692	289	2793
6348	289	1994
4437	372	2385
9525	626	10332
10198	357	1936
10210	243	3064
10201	357	1816
2847	284	4543
9565	357	1936
3300	289	1993
2206	448	3958
1395	448	9103
6011	243	3966
4710	824	6
329	342	10724
7240	419	1252
2486	747	3481
3609	176	6491
2122	326	2481
4291	339	2572
2183	912	8853
2594	323	8254
4422	824	5963
6830	926	3334
5640	289	2234
5898	824	8815
4833	34	1816
158	854	2760
608	323	11610
2720	642	448
3236	150	11732
4921	351	10727
2422	357	1816
9135	824	4187
7444	357	1816
5602	243	1302
5711	448	5018
8605	125	8
4594	289	3723
4257	419	905
8646	640	9821
2617	824	10931
8354	800	10434
3191	289	4501
8546	231	7056
7145	289	6019
8451	357	1816
11072	150	7876
11351	34	1931
6869	176	9421
10689	642	11747
5801	243	1375
6688	62	11592
6686	351	2514
7690	289	996
3539	208	3358
744	926	3358
35	289	7491
4447	448	5018
7036	289	11056
4467	824	35
7432	289	6672
7547	243	11613
3202	150	5851
1749	289	4732
4180	289	7049
9359	289	6756
2246	419	753
10438	231	7029
3135	708	8368
9284	357	1816
10546	357	949
242	448	8681
146	357	1817
5695	448	4977
3253	419	753
270	448	162
1783	243	4481
6817	419	753
6976	448	9103
4430	366	1808
2578	357	2589
4422	824	394
424	176	2459
2809	201	1021
3236	419	753
3316	419	1252
5686	357	1816
11564	642	8682
5739	125	11353
177	642	11713
2498	352	1026
4520	352	1817
3454	824	149
8874	419	753
2906	289	3043
8462	342	7015
10999	352	2399
10747	351	2645
8957	448	3819
905	779	2201
8468	289	10264
6219	289	6204
4481	824	1783
6641	626	2307
4570	357	1399
4248	800	8876
2404	351	794
4703	779	4702
10699	125	253
2264	493	2391
6055	642	3827
9441	289	1657
7588	323	8254
3077	284	1388
599	243	1385
7368	351	1936
4685	912	5553
3475	493	4086
6125	289	7779
3044	824	1622
580	415	683
7972	339	4920
413	176	6119
2450	351	3568
3294	351	3421
106	357	3019
3579	779	2790
5112	289	4534
168	289	1017
4444	231	9451
146	642	8202
3308	176	1005
1777	642	9148
7995	392	4290
5476	419	753
2953	926	1227
7402	824	2724
2109	351	1816
8338	176	9282
322	357	1816
9758	642	11434
4444	352	2399
2219	351	1058
4897	284	8119
104	243	2195
9011	176	4480
7624	415	7698
4113	357	1816
3298	176	4828
4498	351	5860
7336	289	1381
4110	492	1899
3454	17	149
11227	243	6431
1770	150	8181
11383	289	4372
278	441	399
5996	824	11182
1343	824	4307
6673	34	1816
2486	166	846
1080	34	1817
3317	642	444
494	708	6654
5521	289	4968
7761	642	9083
8085	642	6542
601	642	430
986	357	1440
3323	800	10498
3143	366	1808
7652	357	1816
5834	926	910
376	357	1816
608	351	2933
11262	357	1870
11790	342	7924
2680	176	2315
2201	126	3695
4200	926	3036
11603	824	9140
2077	34	1261
8877	150	11265
3363	640	6266
10836	289	7239
372	926	1816
5545	410	6115
378	342	5225
4867	239	3964
9076	357	1816
6603	642	8761
1307	323	10628
111	122	2452
11360	824	98
2485	502	2833
2545	289	9545
2218	824	9994
659	125	84
3141	410	2603
5212	243	4465
5819	176	7549
8677	289	6185
2831	372	5264
1394	357	2049
315	289	3950
5690	419	753
10442	419	753
6476	357	1816
5333	176	9760
1766	357	1816
2969	351	1249
10121	415	684
594	323	8254
3583	92	4852
146	642	3827
1429	357	4257
1498	642	11434
9284	125	8
1920	419	1929
11564	125	84
321	642	9442
5375	415	1154
2883	824	1749
2804	289	4414
6869	289	11394
5218	824	8519
11195	357	1816
599	419	753
943	243	6302
7547	419	753
1092	284	2951
1782	208	2934
2935	824	3196
3819	300	385
9152	125	84
11280	289	9352
8614	342	10416
9151	289	1306
8440	289	622
4573	419	753
10850	357	1816
1802	357	1816
304	955	5593
385	926	2036
8908	289	2581
5307	289	3052
361	289	10413
8919	448	6416
1635	635	1742
8864	38	6567
7949	351	1249
5979	824	499
943	176	5773
3426	284	8855
7460	289	6786
1266	417	881
8189	448	6637
2800	231	7002
6870	125	399
555	357	1816
3740	351	1817
1681	642	10525
3031	352	2036
3192	289	2221
7850	176	10786
2680	800	5375
308	176	6038
8884	926	1816
3759	824	2680
10442	289	10710
10769	176	8876
6844	955	466
6106	926	2740
11316	492	956
8871	289	614
5686	289	8588
9290	357	1816
4196	351	940
4065	779	2191
659	243	1983
3209	357	1816
818	642	4911
11291	640	5964
11617	289	10031
7721	726	1700
8112	642	7392
2218	323	5095
9028	372	4510
5521	243	3873
2090	126	3155
7240	640	8125
8340	243	648
2168	419	1929
10836	419	4142
5588	357	1870
6154	289	175
5997	176	9760
6755	289	1967
402	938	3590
3698	448	1652
5166	419	753
10111	62	3974
11684	642	8202
173	484	1816
7723	243	2146
377	642	448
3995	410	3367
5936	289	10640
298	626	645
4202	912	228
4499	372	207
278	484	1816
2244	243	10037
10356	448	3818
9365	77	2198
3996	94	2168
11073	419	753
6174	357	4141
8427	926	4879
4182	357	1816
3936	824	6303
3995	708	4579
5859	289	6493
623	289	506
11269	342	8072
7776	289	2221
8874	289	2994
3583	352	2912
2770	357	766
10445	34	1816
3575	419	1929
6656	448	7899
3301	289	552
381	289	2435
5710	824	4046
14	926	1816
6374	289	1630
10163	419	753
580	351	3373
7957	357	1816
6553	289	2282
4192	912	10460
8847	176	8876
9068	289	2490
9233	342	8880
9835	419	753
9565	176	2954
7016	289	3868
3143	366	2252
11644	410	10748
7908	419	753
9371	511	3592
3347	415	685
2147	351	1816
11185	824	1683
4497	366	1808
10284	289	8230
2513	231	5236
4400	157	3037
9886	176	3146
3040	926	2619
1653	539	2177
2902	352	2610
155	926	752
7563	419	753
2521	366	1808
4958	352	1816
388	289	5059
5474	938	10919
2906	642	4195
7683	125	9997
8189	342	10238
9042	351	2927
9549	640	1375
4394	372	236
10018	176	7549
9276	243	6736
746	640	2533
8085	419	753
2875	824	319
8451	642	6542
1788	289	3724
4500	176	9282
108	342	10724
4669	352	2036
8149	415	1164
7591	289	4969
6398	289	2523
3316	357	1249
2119	824	9599
3779	926	2905
4647	372	384
11072	289	7421
2579	217	3306
355	615	102
4607	176	11710
1794	642	5567
10923	626	2538
2239	779	2597
4525	352	1024
9768	640	7757
9192	415	8257
9599	357	1816
11313	419	753
1085	289	498
5214	642	3087
4598	642	84
10024	289	4166
1730	352	3373
7460	419	753
4555	339	4722
8925	415	684
1914	419	3579
9399	448	4266
1080	912	6881
164	392	4719
9743	357	1817
9548	357	1927
2793	824	10866
4899	351	1058
11191	824	105
8061	176	6038
2615	415	689
3202	243	4004
4996	323	10281
6015	289	3088
420	289	10355
11476	448	11464
5246	357	1816
7679	415	1122
6231	125	84
3951	342	11487
7972	339	655
5110	352	1257
11003	926	2934
2650	62	2651
4052	926	4290
10801	243	2146
3146	372	5668
5695	448	3545
8869	231	10168
2294	824	156
4166	352	2399
3261	357	1816
167	357	1931
1802	125	8
4541	323	8283
1682	326	4923
9233	926	1816
1378	289	10632
10546	243	8325
9520	342	8299
2100	243	9608
8204	176	5773
2146	824	10493
8840	357	1816
1405	289	7421
6207	419	1252
4455	824	10359
11546	357	1816
949	338	1471
2972	342	7653
301	342	11487
421	640	8619
3560	17	288
9234	448	3545
2109	351	2933
6170	912	2705
3059	372	10154
3047	824	2605
1707	62	749
3579	779	766
6147	351	979
7508	289	552
8286	289	9135
1044	366	1808
376	289	1497
6055	289	8134
3270	239	3964
3560	351	4082
11407	642	7118
10829	342	7941
4052	351	4290
10996	912	6890
2610	357	4026
3151	912	5350
4306	357	1816
5051	351	3570
9565	419	753
4833	351	3421
10823	150	8573
9684	289	4089
11391	125	8
521	351	1394
420	357	1816
3183	642	7757
8881	38	7518
3857	289	4278
3253	289	4969
381	289	8477
10248	125	268
3210	800	8363
6083	150	9083
1071	351	1227
4179	176	11386
4373	415	1120
1645	779	4643
2527	284	2485
10605	419	1937
5113	289	578
355	419	753
3119	402	10382
3390	351	1285
1981	357	3391
10858	372	270
1355	284	886
8869	231	5780
6	642	7449
9987	642	11434
591	351	1249
10731	176	9876
9068	626	8423
11408	339	4945
1776	289	4460
5616	351	2169
5944	926	3568
11391	125	142
5323	824	1491
4943	415	1169
11483	289	996
4555	339	3972
4598	419	753
2680	289	10031
10552	289	3745
8398	912	11583
8451	176	10741
11349	125	8
1770	642	10257
5859	125	5340
156	402	1641
6889	415	682
6	357	1816
11405	342	7941
1816	338	1472
10018	357	1817
8026	926	1901
366	289	6827
9522	289	6041
340	289	4360
2373	351	2930
7351	125	429
1753	642	10257
4942	176	8396
562	351	749
1921	338	1472
8273	640	7638
337	480	284
2582	34	1816
5299	824	4083
1378	176	2300
600	289	11021
1980	342	5707
766	126	2770
2378	410	3010
10875	342	10687
8464	289	2301
6866	448	10288
10198	419	1263
8079	289	1307
1775	640	2756
3610	419	753
3926	415	1147
5399	289	5299
2565	289	8495
3528	62	864
3551	357	1249
4703	779	2049
6017	243	10960
10483	323	7018
8867	339	545
3627	176	9760
10946	289	7293
4309	289	4529
4916	289	6583
177	640	11713
390	448	10636
10174	448	3819
3135	339	1390
7240	419	1929
5395	339	4502
4598	176	8295
6920	955	5834
3193	125	6425
10626	660	8398
2059	166	1744
4081	824	35
4202	351	2888
11676	372	3757
3711	289	4455
4449	415	1154
6292	289	8220
9835	640	3924
5122	419	753
2178	539	2177
3260	642	6919
3240	419	753
5698	150	8181
4611	125	212
2100	357	1816
5636	243	7819
3638	125	84
8026	955	187
9801	824	6886
6688	357	1816
459	243	2851
3236	289	7239
1725	339	2481
2570	68	3528
520	642	8202
3223	419	753
2713	352	2036
8507	642	5959
11622	342	5664
8340	150	4045
2002	323	5092
2235	652	3594
10517	243	1375
9348	62	3462
4187	176	7472
533	824	11139
436	640	6009
1092	865	1807
3684	695	2779
6840	17	288
1630	824	6374
5906	125	253
6117	231	7056
1732	150	10485
5263	77	1067
8686	357	1816
4344	626	4194
7	419	1871
6067	357	1870
6053	419	1252
9244	824	2832
11625	284	9753
9331	642	8588
1490	419	753
4437	352	2395
4149	386	9741
3872	446	2252
4544	351	1026
10814	289	8106
7176	357	1816
6066	642	9367
7690	357	2049
5343	323	817
2642	642	4527
5263	313	1064
8869	231	7029
3028	339	4726
831	357	1817
8392	640	3767
9753	351	2395
11351	34	1816
4110	779	4109
3261	176	7906
2329	357	907
9399	912	5502
53	448	3545
10616	342	9167
3191	125	9997
3446	289	2072
9624	357	1816
1661	176	5319
4727	284	4544
2463	386	6090
11198	17	60
5333	289	3881
7534	392	2591
5588	176	11653
2109	824	10847
5382	289	8387
3946	824	1788
3206	289	6883
422	289	7199
9728	415	1151
1684	769	2395
6294	938	132
10230	448	6646
9151	243	3759
2733	912	6318
11073	642	3042
3616	243	678
4502	339	1891
4187	289	9135
9298	824	1677
9116	125	7496
11269	448	5117
8212	289	6442
8199	289	11739
8353	289	1993
7176	176	10933
6793	955	8031
322	289	1959
2163	769	1257
8522	392	1816
6595	150	9806
3730	419	753
8436	387	10194
6580	125	8
10021	289	4222
961	289	672
8898	289	2793
5855	289	9455
11003	284	384
7151	62	749
8798	448	7655
4212	289	4448
2085	652	4119
7497	419	1871
8400	243	4503
4455	824	12
6857	824	3297
10523	231	7397
2019	351	3007
4447	955	4908
468	357	1816
4943	231	7056
5788	125	444
8886	372	5445
1416	824	4602
680	289	2141
10445	448	1676
11054	419	753
460	626	4202
8883	125	7559
8884	926	4290
2075	352	1816
1689	284	886
302	357	2933
737	204	1961
7455	289	640
2141	351	3421
4308	125	142
5007	357	4257
9886	640	11458
6370	824	6053
167	357	2927
8436	448	1811
159	642	7449
11786	824	6886
7723	419	753
5630	289	2453
11088	642	5567
1723	284	2538
10111	77	2929
7624	415	1154
8779	357	1816
3893	351	3421
3128	912	6318
8080	352	2934
8142	243	2497
10903	926	3376
8877	642	4578
4611	419	753
3316	243	2805
3195	176	10332
3204	289	552
2467	352	2934
3723	366	1808
9569	824	9994
10877	289	7858
459	642	8
79	289	4566
3970	642	8682
6169	231	5168
4498	284	5395
6444	150	9806
1802	289	5676
3301	289	3134
45	243	2222
983	695	2801
6962	615	8
3502	62	1257
8285	484	1816
458	289	3444
6860	176	605
1679	642	10960
1865	708	6475
4565	926	811
4196	824	7915
3612	27	2601
8451	289	2365
2364	824	461
10137	419	753
10174	926	2399
7503	448	5087
1797	289	2109
9576	289	4996
6817	640	9148
10941	125	237
1931	635	1882
10174	938	10451
10373	176	5758
6154	357	1816
8573	415	8257
3135	34	1816
150	526	3462
2195	824	483
2335	824	106
4898	351	1261
7995	313	3036
11648	824	7087
79	176	7280
132	926	2036
200	122	7047
5961	800	776
7999	357	1936
3379	912	3667
3209	357	949
8255	912	5502
499	176	10069
3882	351	4290
3216	642	5005
6593	243	10781
4669	351	2407
2535	415	685
1248	166	936
9758	419	753
4491	352	1816
10263	176	2847
9131	289	2793
1914	126	4354
9140	289	2113
10297	419	753
798	779	2597
1302	386	6090
8976	243	6754
1395	912	3553
2187	357	1915
6676	289	4459
10850	289	4466
10847	289	2109
339	125	84
2143	511	2106
9140	357	1816
11215	642	9442
7333	448	1973
361	289	7239
6459	289	4536
10689	357	5073
287	243	1311
2560	351	2571
2501	640	4186
381	642	9442
6348	289	2365
8455	372	9688
4595	176	10759
2133	352	752
6755	289	4617
10485	415	8257
9137	415	1136
603	642	8959
3188	243	9728
3194	640	4202
284	480	337
3228	289	4278
11362	642	3759
331	870	5506
11637	448	674
2972	448	4441
8898	642	9367
3509	62	2348
9818	342	7883
11297	284	8436
10297	357	1261
2074	339	911
7649	289	584
408	342	6931
3065	415	1122
450	448	126
8815	626	10562
195	448	6729
63	342	10170
7652	626	2133
6909	392	2933
1305	642	3764
7182	392	6977
4037	231	5236
6864	357	1817
9029	125	8
7588	415	1167
8199	357	1817
8615	243	5895
10635	357	1816
6957	150	8181
6154	289	4477
3251	289	678
10480	289	4298
5710	824	4602
3344	419	3345
7170	419	753
4334	419	1871
11758	419	753
643	231	5497
6959	448	5018
11520	357	1816
5395	339	2586
5207	351	2395
2498	284	2664
4915	419	753
6675	243	6455
9801	824	6714
6251	419	753
19	342	7456
3216	243	4964
7037	357	1816
2572	351	632
11741	419	753
164	484	1442
8468	289	2796
10388	824	10517
1388	912	7292
4	243	3041
3315	289	1712
5602	289	7228
10178	176	2903
5343	415	1147
6844	912	10924
11260	448	6872
57	122	9413
11676	926	3568
3882	824	4942
10201	289	4448
2724	289	3950
3896	372	299
8789	357	1816
5081	351	3635
408	448	5087
11790	351	1816
9286	448	3736
7432	289	6467
314	342	7015
1307	415	10628
5811	342	10420
10301	289	5069
6595	289	2005
216	208	4014
3323	289	1967
9509	372	2467
3967	357	752
8921	415	1165
94	846	3776
620	94	1440
6294	955	4368
9246	640	4149
9835	357	1817
6755	419	753
6302	415	11075
6222	484	1816
56	695	199
324	926	4346
10248	357	1816
5758	342	10416
3769	944	3138
4609	289	2072
11316	779	2563
191	448	5117
5723	372	11197
4445	351	1816
4108	357	1816
9759	926	2934
5213	448	3545
3210	289	4969
8278	62	5062
4426	448	8366
4587	289	4679
463	912	1808
4852	769	3358
340	640	6634
6015	357	1816
2664	339	3972
5307	289	8698
6011	176	7906
3839	779	4064
312	419	753
9700	640	9027
9037	640	10264
11247	415	1141
6489	289	6672
3259	176	6491
4072	642	7757
7145	642	7085
6219	419	753
11313	289	5578
3579	492	1899
10137	642	11259
4259	150	9192
7714	289	9716
2873	351	1915
6174	357	1261
2638	419	753
8605	176	4987
4749	176	9661
2664	339	1891
394	176	5944
5003	824	10330
2951	747	3524
7577	289	614
6864	243	11168
1904	639	905
5961	640	776
1635	419	1252
3226	419	1937
9758	243	661
8898	357	1816
301	448	10241
7428	243	9027
7573	176	2903
8081	448	4441
8545	419	753
711	254	2624
7410	289	4531
7633	289	2231
520	289	8684
396	289	644
456	107	1071
5235	243	6937
4611	640	9707
6268	926	2049
2439	352	1227
575	926	1816
94	448	4977
3210	125	268
4491	912	10924
2560	366	1808
8868	824	499
5906	289	6889
6075	415	1159
7004	448	7655
4372	231	7002
2419	351	957
3246	419	4142
623	176	6692
8925	415	1161
11613	824	5610
8714	419	1871
9068	642	7500
493	824	3627
332	448	5348
8686	77	2934
231	342	11487
2122	326	4706
7547	642	6112
236	448	5018
373	642	7118
7294	125	8
356	448	6458
6422	357	1261
1912	289	2349
3309	176	8828
4992	448	5019
2667	352	3900
93	480	50
2782	865	1807
6252	640	5499
3319	419	753
156	289	2294
9037	289	10264
994	261	2052
2638	289	4536
3950	366	1808
11269	448	3819
6215	448	50
8677	357	1816
9284	642	1410
4888	231	5236
3166	708	6475
11260	448	8821
4609	289	2490
11676	448	4266
7294	125	142
6801	342	8623
11226	357	1816
4182	289	887
9172	351	1079
6055	642	5663
3236	243	2497
413	289	4621
4573	642	510
301	448	1652
11710	352	2036
2521	824	818
5499	824	8565
2485	912	3667
10997	176	7906
9979	357	1816
8455	926	2395
273	342	6931
7037	289	2223
1307	351	2685
3236	289	6117
1711	289	4559
432	926	752
4952	824	3256
3493	208	1014
1777	176	10390
5295	955	8356
8507	640	5959
9982	357	1817
1622	640	11713
3040	926	949
8353	125	253
2852	352	3957
5879	642	11613
10067	357	1816
7652	289	7831
3986	357	1816
7033	289	2002
1664	289	552
648	415	1125
3228	243	4890
4017	926	3358
602	289	5949
5109	289	643
10137	289	2002
5362	289	3747
9331	640	8588
3031	351	1997
644	366	396
3855	289	2748
10318	448	3630
4543	352	2933
3596	289	9447
5214	419	753
11022	357	1816
10520	492	2048
9055	289	4507
9826	125	11353
6861	415	684
5339	289	9447
1024	493	2092
1626	326	3138
100	342	820
6252	289	5499
7379	926	1097
3389	912	3667
10909	289	8670
8544	448	6637
6287	231	1192
2494	351	940
1494	419	753
1378	357	1816
3776	448	5117
573	289	4285
6793	372	304
9315	912	5502
11313	357	1817
231	926	2036
1641	204	767
11280	289	6019
1873	289	5678
3982	323	7218
11562	357	1816
417	289	8684
509	243	10711
5640	289	3817
7751	824	9982
2832	289	9244
2225	352	5062
376	642	1956
2223	231	10168
184	176	9282
5586	357	1816
4755	289	2952
1760	289	10131
724	149	4949
10707	17	288
602	176	10999
10329	511	4161
7549	352	2934
1778	357	1816
2075	637	3483
2989	448	1320
5248	912	5502
4976	201	3665
4602	642	4195
10004	419	753
9800	824	5910
1819	176	491
4958	339	946
5060	912	5681
8212	800	4196
4447	352	11495
8684	824	417
2724	176	11109
80	638	8431
1934	150	11247
10736	289	9268
8756	176	5758
1753	176	5319
1248	637	7999
3401	126	2011
10990	243	4558
2474	289	1958
6675	419	753
818	125	241
8026	342	246
2458	824	6083
1390	708	9930
9055	150	11732
9676	176	9760
3739	912	8336
8519	150	8181
9331	289	8588
3951	448	6563
4600	243	11621
7460	419	1916
602	357	1816
372	846	3739
2239	779	848
753	779	2009
8085	176	7368
10875	342	6989
3210	176	4480
2804	357	1816
2161	794	3809
9768	289	10396
273	342	9456
2622	243	1414
1436	176	6491
4404	351	5062
9077	640	11230
11444	125	268
11210	626	2075
11171	419	753
2501	289	4617
5115	640	3455
6962	392	2036
11313	289	587
11195	626	2133
825	338	1472
3256	357	1816
11119	289	6672
5892	176	10294
5594	289	5299
4192	817	3332
2085	410	3086
4587	642	3966
886	34	3845
2876	351	3570
10163	642	9442
808	150	5851
7427	448	7582
10531	448	3545
2137	77	3421
6075	415	7698
8057	351	1215
4552	342	10170
2641	561	2757
776	824	5961
6789	289	4621
4445	34	1816
384	372	11003
2669	366	1808
461	640	3069
339	289	4360
131	289	8066
815	351	3568
817	289	5343
5720	351	6067
11685	125	84
6011	642	3966
1645	779	4141
5901	150	7123
2231	824	7633
10163	289	4089
11637	448	3819
4757	289	3347
7547	176	9330
10846	125	8
3244	642	2222
11230	415	693
11741	642	3042
11226	289	6774
207	448	5018
10745	289	9677
601	289	1657
367	448	1320
389	342	7456
7949	448	4441
270	938	10858
8493	342	10238
3529	62	2905
7854	955	3996
4108	125	8
4162	351	3129
6601	289	6537
8871	357	1816
172	243	853
9291	419	753
1819	561	4679
7249	357	1816
7262	289	10119
423	448	1480
8908	289	3867
1360	912	3667
4511	824	499
4924	642	510
5631	125	269
4142	779	4864
7401	289	4444
3823	415	1161
9818	955	8356
7481	150	5891
4677	415	681
2714	415	1141
7095	289	10747
6273	289	2349
5642	77	3568
11139	419	753
2669	351	1014
88	289	4537
8119	284	5395
8507	289	2994
4218	289	6325
384	955	11003
5515	800	10498
8199	289	2296
10451	926	3373
9152	176	2903
4380	323	8254
5346	77	794
3379	351	2104
4836	204	4151
996	351	2933
6108	289	8836
8247	637	8686
1752	289	9761
4606	545	1480
870	339	1891
6865	955	8667
11520	77	2934
5382	642	9409
5548	243	11505
7760	342	8623
5583	415	1153
3774	34	1816
5140	824	9881
10836	289	4150
4770	149	820
4840	323	7146
3951	448	2659
4373	415	1128
9548	419	1929
8919	912	5553
6622	419	753
4517	824	3304
7683	176	4480
555	176	6692
4832	824	8519
11297	926	11787
8860	419	753
2263	62	2264
2906	419	1263
482	419	753
4192	351	3358
5680	402	7822
10769	419	753
3828	351	3762
6595	289	3995
1271	204	4585
6108	419	5000
3225	289	6865
10836	289	9761
4897	284	4722
10445	708	9836
5665	125	8653
10385	289	9677
8921	415	1169
3995	708	2603
299	448	9189
6553	419	753
5113	243	537
8020	125	84
4554	824	3244
2875	824	3215
11546	642	4479
3314	176	6170
667	289	3872
623	150	5891
6742	912	5350
6388	289	2460
32	448	161
1284	688	4719
8373	289	4361
3209	289	7750
5179	511	3592
3446	176	10069
6231	289	4526
2206	284	3031
6108	357	1896
5892	642	8202
3302	176	9282
8747	342	8072
5848	926	4847
1930	254	2624
520	289	2017
7789	640	11471
4594	289	4382
10699	289	4361
11558	357	1816
8884	926	3036
8639	419	753
6742	351	1889
5855	419	753
7615	419	753
8816	824	3119
10198	419	3849
4215	824	10635
837	289	2513
7036	289	5996
926	62	3565
642	708	1196
4334	357	1870
9175	640	11513
3586	176	2363
80	392	1816
1772	289	4448
9029	642	5554
3936	351	2510
1683	419	753
483	640	2195
1921	419	1929
2133	34	1817
6865	372	8667
8307	419	1065
8440	289	9802
424	357	2049
1725	339	611
6844	926	2395
1294	824	48
6553	419	1263
48	243	4578
2244	357	1816
3220	419	753
5506	392	4719
370	342	7220
11276	419	753
1395	351	1816
4390	817	1469
3333	176	9912
3294	352	2933
3590	342	448
10210	626	9569
9285	243	1410
273	448	9103
9881	289	5140
1085	642	7843
5307	289	6287
395	176	8937
11783	125	142
3996	955	805
192	448	292
771	176	5319
1092	284	4923
2179	769	2340
4180	289	608
1656	34	1816
4897	339	3787
3688	326	3032
2937	708	1197
518	289	2435
10313	357	1816
9019	176	10230
150	342	11311
8816	17	3119
3839	779	848
468	176	5319
450	448	7582
9759	342	11344
1782	208	2933
8639	419	1263
381	357	1816
4017	342	8880
1299	284	4898
1438	254	2643
8454	243	1302
8861	342	10238
9116	243	10651
193	642	444
4593	419	753
2367	326	4192
150	342	7941
4390	351	1227
11558	176	10858
4415	231	7056
2481	352	3565
5941	642	8333
4153	415	1123
9049	289	1416
2452	955	111
3882	351	3036
5113	357	949
4430	351	2198
3180	208	5125
1805	357	1816
842	351	2933
8493	448	3819
4898	339	1299
8012	289	5299
2951	352	2933
9364	297	258
1959	824	11709
5186	176	10933
4546	351	3007
1788	357	1816
3970	289	2976
10801	357	1816
639	351	2036
10459	243	6634
10334	642	2615
233	289	11008
219	289	11585
2801	351	1936
7547	640	11613
6076	640	7322
10881	415	1128
6287	231	9451
904	926	4346
192	342	7960
2810	386	9379
7557	323	8254
1235	125	446
7278	313	5108
10067	289	5069
375	289	2856
620	351	1261
5382	357	1816
2367	254	2369
6106	448	5019
1759	642	4195
4595	419	753
10270	231	1191
7537	342	5707
6959	122	7604
589	824	8605
3730	640	4089
3112	77	979
2770	493	2518
283	454	204
2327	149	1102
3996	372	805
3598	176	10999
220	926	2888
5855	176	7549
1479	357	1816
10881	415	8257
4833	708	6475
95	926	3967
3827	824	601
10912	419	753
1381	824	3297
2927	635	699
8464	125	268
1305	289	7239
7649	289	6927
4228	95	3650
2161	605	1445
9249	642	8474
8013	289	9677
8081	926	2407
9703	912	5502
1656	637	3490
3092	149	752
7615	289	4470
961	289	2453
4524	930	4475
3031	284	3771
2072	708	684
8517	125	9997
4113	642	2875
3781	448	9051
6083	289	2458
4306	640	4301
11599	351	8227
6055	640	5663
2902	393	2610
3345	492	1899
2810	386	8829
155	342	10085
10437	448	7655
8919	926	4109
10236	357	1817
10091	448	3545
9250	77	1215
5961	419	1871
5404	642	9442
8212	357	1816
1806	640	8050
3868	824	3363
4192	351	811
11408	351	2645
8627	448	738
3315	289	3612
946	351	800
2224	351	10937
6959	342	10477
10689	243	11747
4434	92	1445
1025	357	3625
10497	626	11471
26	150	11343
6076	289	7322
5825	77	2198
296	339	66
1684	357	1817
11383	419	753
6869	289	3422
1873	357	1870
10907	912	2706
6595	419	753
2282	366	1808
7497	419	753
1769	357	1816
8031	938	6793
73	289	3747
1686	357	3019
7176	640	10807
191	342	11344
901	125	9928
6578	419	753
3817	824	1760
9840	419	753
1757	289	4444
1752	357	1816
9549	289	877
10846	243	9148
3151	352	2395
18	392	2036
5588	357	1816
1389	708	87
6827	824	366
3525	208	3343
5942	342	7220
7905	289	8206
3995	410	2603
7964	289	3984
3091	357	1817
4180	176	8937
7460	289	3136
2183	351	2740
11226	289	10953
6078	448	2764
2077	352	1261
1049	351	1095
2239	779	1094
10204	77	2934
1399	204	4570
11074	419	753
10762	289	6248
8080	352	1816
10119	824	182
11351	912	5681
3159	357	1816
9759	448	4441
2264	204	2263
7760	351	6567
4306	289	4301
11385	419	753
594	824	6780
4228	357	1261
5476	289	1975
8273	419	753
94	448	5117
887	824	4180
6603	125	7559
2875	824	6655
5636	289	552
2832	289	7196
8864	62	2361
10021	289	2796
2191	338	1706
2740	77	794
382	289	8477
8886	448	11464
5592	351	6977
696	912	3606
7432	289	1414
7964	289	1327
7410	289	2001
4749	357	1261
2594	415	1160
3249	125	268
171	289	2221
6251	640	4518
219	289	3869
2594	27	3229
3446	289	4526
1909	642	6861
6219	289	7228
744	448	7348
8861	448	3819
8155	289	8588
263	342	10269
602	289	9191
11370	289	8334
2538	351	2395
8031	448	1652
5518	824	1779
10736	289	9677
7016	642	7395
1424	626	4419
3439	299	2036
5582	289	4361
8825	448	7582
10330	640	5003
459	176	9760
5186	289	4517
4309	357	1816
4142	492	1899
7217	351	4076
5998	640	3066
4546	448	151
9635	448	1480
7099	392	4229
2527	351	2888
3193	243	4509
9399	448	4441
8430	125	268
3182	642	3072
7537	342	7924
6444	176	8396
9399	912	1808
2191	419	798
11786	824	225
4538	415	691
8430	243	4582
5933	415	1128
4459	323	5094
3742	339	2972
877	323	10281
3498	62	1058
10301	357	1936
8085	125	268
2803	149	3635
7577	289	3145
13	419	753
8561	926	4016
11285	926	6067
11737	176	9154
10018	357	1816
10451	912	10150
8864	357	752
6325	824	4218
3244	640	2222
369	441	6222
9912	448	6646
4736	708	1198
10316	243	6485
7168	351	2514
6676	289	8134
219	243	3859
1099	605	3809
1505	640	9252
1873	266	8548
1975	824	8545
425	912	3606
156	357	1816
3203	419	1065
8622	928	5506
4749	289	4969
11675	824	339
4003	415	688
3660	289	1301
8112	243	11756
5314	640	10020
146	243	3827
6580	642	8029
312	640	8974
2533	415	686
7577	289	1414
9319	526	1097
131	626	4202
4180	289	1967
3795	166	1744
4331	492	2048
10227	824	8273
4502	351	1014
505	708	5227
57	938	4546
2474	289	4166
6925	150	11343
7325	289	528
1094	419	2239
983	254	2624
4187	289	7911
7563	243	7452
4896	357	2049
11074	642	11176
9011	642	4195
1066	284	4868
3880	955	5811
10282	642	7085
3575	204	2317
1770	289	506
2164	150	10485
11227	125	268
5448	824	5728
9421	926	811
8698	824	3229
3579	779	3398
6977	357	1870
3723	824	5476
5781	62	10540
4899	708	1199
7972	339	4831
3202	289	2001
5433	150	10881
7064	34	1816
287	642	412
5067	779	1249
8418	926	5023
8755	637	11174
1783	640	4481
10699	357	1816
6196	640	11206
10103	824	105
4065	779	2597
225	289	815
830	357	1904
11142	176	10069
207	938	4499
6929	419	753
11444	357	1816
3077	865	4862
8356	938	5295
7051	926	3358
3936	824	3313
3166	708	6912
1775	357	1816
1769	243	4927
3675	126	4112
3870	824	2422
6174	419	753
599	289	2714
409	176	7368
3306	419	1252
2435	366	1808
10225	176	8296
11182	289	5996
1783	176	4481
7336	289	4446
2521	366	4053
5665	357	1249
8747	372	6466
6025	357	1816
3590	342	6989
8020	642	8125
322	419	753
3240	176	10230
11582	824	10060
2852	448	305
294	289	4507
7714	419	1929
9745	289	8868
5764	642	10781
301	357	752
9431	289	7363
1471	25	949
3590	342	11311
401	926	3129
5445	351	1816
3210	150	10081
2147	415	1133
3586	642	3418
8372	448	9715
3781	352	1816
4554	351	2036
2968	338	1471
9076	642	3418
3817	231	5236
8629	62	1296
11567	289	4152
1912	150	7123
9068	150	10550
589	366	1808
10313	77	2934
6840	824	8155
7537	912	5502
2122	326	8218
11391	419	753
7683	800	5375
2486	339	4899
6093	640	10454
8639	289	11185
8354	357	1817
1777	357	1816
2720	289	2233
1280	357	2643
63	926	1816
11516	351	3421
5057	323	6743
2875	824	483
190	955	210
3857	289	2748
10546	640	8325
8908	357	1816
10875	448	4441
4959	642	2759
8619	824	5987
3560	415	685
1248	166	4934
6422	419	753
376	419	753
10059	351	3956
63	342	7026
6136	928	18
4108	642	654
631	352	1215
6656	448	8681
6844	372	6901
467	448	2822
1985	708	5227
2323	289	7421
3220	289	4540
1769	289	3459
2524	824	2605
10469	419	3636
6273	357	1816
9055	243	2451
8080	448	2144
8714	289	6696
10322	415	1161
6388	419	753
499	243	3759
6786	824	6655
2371	338	1706
510	824	4310
10322	415	7698
926	62	2698
2378	351	8700
10445	351	2934
4942	289	3882
1085	640	7843
460	243	2851
6476	77	676
4510	448	4838
4413	352	2036
8714	289	9153
1692	642	10525
4430	231	9451
8545	289	5257
10731	357	1816
1813	640	8125
6231	419	3849
318	448	50
7064	912	1456
7690	419	753
8828	912	4251
11600	125	110
3817	323	7146
4829	352	2036
3790	351	2037
8356	342	11344
5246	176	6119
456	208	2182
10504	410	665
2987	351	3358
9758	176	4480
8659	415	1131
6231	357	1816
7517	231	7397
2288	419	753
1819	419	753
8212	419	753
4447	351	4109
4437	448	5018
4484	352	2036
4959	419	753
5122	125	268
5855	289	4582
2622	289	1954
1717	640	5943
1802	419	753
3426	339	2070
158	938	2760
2288	243	6431
3077	284	1985
11323	642	6634
1792	642	5567
9905	176	7549
3243	642	2222
555	419	753
4415	415	1153
8747	372	2575
2143	410	4805
463	351	2532
3260	243	6919
25	454	2144
4484	352	2399
3225	289	3033
10448	342	7220
4597	419	753
1866	149	4141
8294	824	5485
6325	824	7966
3226	419	753
4532	176	5319
1492	402	103
368	342	8623
5433	289	3768
4211	289	2594
9138	824	60
5711	372	198
6154	289	4408
11758	176	10604
520	640	7084
9556	642	5554
11351	94	10097
10174	342	9810
7945	448	7836
361	800	5375
4379	323	5094
3209	419	753
7690	289	8172
5247	824	3242
5000	492	1899
11685	289	2952
1778	176	9602
5545	410	10645
10493	357	1816
4888	670	5359
4248	357	1816
3968	149	752
2596	419	905
837	150	5851
54	392	1889
8320	326	2801
131	289	4423
737	126	1961
6025	125	8
6693	342	10687
3790	419	1045
5943	824	394
2760	339	302
8462	342	10687
4500	357	1816
5235	357	1936
6792	779	2597
2246	357	1816
10488	289	7126
4734	912	3667
3363	125	429
9192	415	1147
7898	357	4855
2930	493	2407
11073	289	2795
10201	640	7588
11471	824	10497
5148	824	10635
7957	419	753
589	351	752
4285	386	8135
4267	357	1102
39	208	2395
210	926	1816
5551	208	3565
3675	635	4112
960	176	6119
10699	176	6078
339	289	2019
5362	289	3931
5243	289	6319
5521	289	2195
11788	77	4290
602	626	8347
4250	289	11585
5166	176	8879
8495	926	3008
7444	243	3859
9520	342	7242
2759	342	8880
10964	357	1816
5200	289	7231
82	289	4952
4372	342	104
164	484	1870
11336	642	7458
4757	357	2049
3159	402	250
4366	415	684
1749	243	9027
11349	419	753
8840	357	1927
9503	176	10737
82	419	753
5104	419	753
1315	448	2787
7351	289	3683
4543	926	2399
11408	34	1816
7455	642	8234
4509	824	3193
9801	824	9599
7503	955	4286
11130	642	7819
11383	125	110
5485	289	8294
2757	351	2532
10762	243	8980
1945	149	3762
263	938	8672
4218	289	8172
2219	824	483
6398	176	6707
1771	289	840
8285	484	1870
11637	926	1816
2002	351	2619
808	642	268
4994	944	2779
4578	824	3223
3970	289	2848
9531	176	8876
10747	912	11698
3454	323	5096
6865	448	11464
2722	640	9252
11022	640	8959
5357	289	498
7380	289	1381
548	284	2307
5067	779	1064
925	289	4534
2811	824	10060
3818	300	4685
8670	912	5502
3589	351	1915
10707	17	11668
7999	62	3436
5648	824	3308
4609	357	1816
5295	912	5502
296	284	189
57	448	5018
8081	955	5758
4465	824	600
7037	289	1294
10605	289	878
9245	448	1676
8338	642	9252
4605	289	3740
509	642	10711
63	448	2822
5686	640	7588
3986	176	4919
7390	415	1136
6374	357	949
11709	448	2252
961	289	7210
8522	949	3374
2825	176	11386
8881	62	4027
4728	824	3297
23	448	5018
10475	638	8431
10313	62	9460
7481	289	2513
10621	419	5067
9702	357	1816
1769	289	670
8908	243	3075
8615	642	5895
172	419	753
10185	824	10201
6959	926	2036
7351	357	1816
9162	357	1249
164	107	1467
746	419	753
8413	289	4460
9768	125	84
6423	448	9477
7641	289	5059
11673	539	2177
10325	289	2758
8921	415	1164
9744	448	2822
2713	351	1816
8886	448	1361
8464	357	1816
5665	642	7827
2123	779	4855
6514	125	7085
3228	150	10576
7563	289	3813
4187	357	1816
172	642	6409
11741	125	237
7325	289	3768
11762	357	1817
4946	284	4194
11637	448	2822
4107	289	2435
3711	125	268
7373	243	6919
4604	289	561
5818	642	9367
8430	357	1816
8149	415	10003
2759	955	2466
6474	176	2315
3759	824	499
2906	289	622
5801	289	2829
5003	824	4597
8477	824	381
3960	415	1130
39	589	37
3688	326	1938
11488	448	2252
6083	125	11337
10475	484	1816
8544	351	1816
9298	824	11519
2804	289	9375
3747	366	1808
2417	339	946
95	448	4977
200	938	5208
6755	125	8
5690	357	1816
6595	289	9964
1252	779	3025
4182	125	9997
3392	779	3391
4921	912	4251
10002	955	301
10166	912	1099
4104	824	11600
5842	824	2246
1765	289	3454
394	125	84
4192	34	2049
6699	351	2934
7972	339	7976
6822	351	4719
8081	372	5758
4472	351	481
8255	448	1973
13	125	9115
7503	372	195
3779	912	4251
2527	351	2934
6684	289	576
4863	402	103
10814	289	6794
8495	926	1816
11317	824	1085
3698	448	652
3333	642	9027
983	326	3389
374	176	11109
11744	289	2829
5834	342	6989
925	419	753
5671	289	2663
4729	342	340
6297	289	7491
6428	289	8387
3045	351	752
10121	670	6553
225	289	11786
7892	392	3421
10762	419	753
4285	386	8245
8134	824	6676
2244	419	753
11084	243	7395
3202	176	6692
5795	150	6915
5448	824	9599
3919	149	2919
3869	231	11771
10449	150	11343
11558	243	4128
8799	289	6822
7854	912	5502
4428	366	1808
10469	357	1205
1958	415	1132
4833	747	3495
1360	92	1684
7204	289	4466
8664	289	10119
8646	243	9821
9029	419	753
2796	351	1095
4958	339	985
6580	357	1261
9225	357	1816
1806	642	8050
2222	824	3243
1657	824	1745
4500	419	6859
4538	415	1113
9211	640	1375
4427	27	4310
3219	289	529
623	243	4196
7423	626	10151
3177	204	4949
6388	150	10581
11119	289	11475
7761	626	4829
5248	351	912
6292	243	3827
9211	357	1817
8284	289	7988
1814	357	3575
8011	642	8125
3970	357	1816
1622	289	9779
6827	824	3313
3345	779	3343
4969	351	4082
11441	342	9167
5640	642	1381
8517	289	572
11351	299	2036
5249	351	3625
6041	824	9599
8041	419	753
4606	357	1817
8340	357	4141
647	448	284
6032	289	678
11795	289	4372
2147	415	682
8615	419	753
6174	289	2019
1005	27	3308
10801	419	1871
3128	448	4135
8002	351	3421
2342	357	3473
9982	289	4126
3191	642	7849
5246	289	3931
4218	289	10523
1912	640	10242
7262	176	5758
9982	357	1816
7373	289	8220
7204	642	6542
9131	243	3767
11336	125	268
4757	125	212
8134	824	73
3684	254	1913
10867	342	7924
10941	419	753
2323	289	4513
3857	642	3876
7440	125	8
9565	626	3387
322	289	5466
6693	448	4266
1479	640	4890
8353	289	6897
308	642	654
5482	357	1816
3070	824	3261
1065	779	1064
3745	231	5931
2605	419	753
4072	125	84
11226	125	84
7440	289	4438
10151	448	1676
8297	824	9181
3140	351	1816
394	640	5943
7556	289	3894
10210	289	6442
1753	125	268
4498	339	4544
2466	351	2921
8627	912	2706
8273	289	8972
3849	779	848
3077	284	1734
3261	125	429
2455	351	957
4579	511	3437
5631	289	2002
4596	289	5845
301	448	283
11288	342	11311
3089	652	3437
9753	912	8371
798	492	1899
6889	824	10469
173	392	2934
374	357	1816
10263	626	9245
2474	243	10739
3787	352	2591
3194	626	4202
3790	34	1896
11502	289	3984
6622	640	2142
926	62	4354
232	448	162
1662	626	642
3936	351	4346
4017	342	7883
10946	642	2593
8973	289	4729
7759	289	10270
4544	352	1026
11532	176	10070
2378	351	907
3167	642	608
11022	150	11125
3229	642	11542
402	342	11311
6742	34	1816
11676	448	7582
4673	351	794
2006	912	5502
11664	626	696
2422	289	2217
4928	351	957
1355	284	2664
7976	284	10151
8119	339	4727
322	642	429
408	351	10190
6143	289	4361
9285	642	1410
11532	800	11223
11762	289	3768
644	34	1816
5186	419	905
6694	357	1817
6251	289	3827
2951	166	1810
3497	392	1816
219	125	8
4868	351	2916
5490	415	8498
6076	243	7322
594	415	1155
8186	419	753
4500	419	753
1934	419	753
10964	125	142
8079	243	4003
10858	526	663
1101	794	1684
291	480	284
672	342	1464
5775	415	1125
7286	289	2663
463	955	125
9162	289	9174
3638	357	1816
461	176	8937
8600	342	8880
48	357	1816
4916	419	753
3225	289	1414
3091	357	752
8743	419	753
6656	448	10029
3527	208	2491
273	448	6872
575	448	1361
2284	415	682
5104	289	2594
9942	642	523
7946	415	695
6075	415	1147
7503	448	6729
2077	708	5227
8340	642	648
6374	289	3881
4475	351	2591
3321	289	4497
8672	372	263
10504	511	2106
4422	366	1808
2454	824	3242
9364	928	258
7223	539	2177
2876	410	2860
7723	642	2146
11236	289	8925
7854	926	2393
832	149	831
6337	824	312
10362	357	1816
8112	289	8066
5631	289	2875
3936	366	1808
10121	824	10297
6348	357	1816
8779	419	753
10867	448	5018
2856	351	3568
10362	642	11784
11370	357	1816
11783	289	7831
7683	357	1816
9599	289	10124
4081	824	9276
1797	642	6861
4182	289	7049
2228	493	2391
8708	125	7496
4472	342	8623
2367	326	2779
5310	640	8959
11021	824	1732
275	926	3568
6554	289	4455
8627	351	1889
2231	824	3310
3199	561	5140
3746	351	2395
1778	176	10332
2650	38	2651
2029	640	4538
6083	419	753
9365	62	2867
355	357	1816
2638	640	5397
459	289	3806
9016	176	6038
11336	243	4195
983	326	4706
51	448	4977
4597	243	5003
4465	824	4658
2218	231	11771
11236	289	11624
6066	419	753
3223	176	3039
10547	342	7015
5593	342	10687
8638	926	4568
2190	208	2624
6287	231	5931
7949	912	4251
9382	125	253
242	955	9234
6474	289	4477
6354	351	1296
5080	448	7248
4710	351	752
1406	415	1131
3031	448	1676
4489	284	4685
6450	372	5593
5848	342	246
5795	642	11259
7176	243	10807
4003	415	1112
6287	231	11771
11345	289	2883
10322	415	1154
2133	708	10966
4314	243	10739
3318	289	4430
5739	289	6319
8545	289	1975
324	448	292
14	912	2706
3220	125	237
5179	351	1816
4104	824	6422
1995	824	352
10907	926	2933
5079	410	2478
609	386	8135
9250	62	8163
8081	372	7104
8466	926	1363
11546	125	429
2329	493	2839
436	125	241
3300	243	6882
4522	643	2779
10480	357	1816
3959	708	1198
4366	351	1816
3627	150	9083
2500	708	8529
3242	125	448
11015	176	7368
11622	448	7655
3775	912	7447
8462	68	6979
4854	289	8294
8110	926	2867
11758	243	5431
5665	125	8
9548	176	6307
7814	640	10807
6672	231	5497
3439	351	2934
1232	208	5125
9068	176	8423
10970	824	8874
505	637	994
10846	289	7462
233	419	753
3202	642	4004
8852	511	3963
4821	419	753
11781	243	10711
4491	926	1816
6927	323	7649
10000	417	2727
2642	176	4919
643	342	2927
13	289	2853
5859	357	1870
3583	351	2912
2579	415	683
168	357	1816
8212	243	4196
11487	484	1870
7723	357	1816
6207	419	3395
3059	926	1997
58	289	8684
4821	243	648
7084	34	1817
8664	125	269
8119	865	5752
172	289	11092
2298	747	9294
4491	342	7026
3857	289	2783
377	357	1927
10374	289	132
10906	511	3592
117	107	10470
11345	642	7295
4472	955	368
6656	926	2477
10479	351	4568
11408	352	2036
11073	357	1816
3739	448	5117
3660	289	2464
483	642	11542
6622	125	8
372	122	4461
301	342	7456
11247	415	1131
6106	448	144
5626	351	6670
11564	289	3868
4888	415	683
8488	824	1760
2466	351	4346
628	415	1120
8504	448	8366
2161	807	1266
6686	708	9836
7440	243	3064
11171	125	268
368	448	1320
3307	642	3966
172	642	11206
8499	415	1118
4390	643	1730
4486	955	2467
10187	176	8937
1992	511	3437
9246	289	2019
7972	339	4476
3308	289	5979
11578	357	1816
7748	176	7280
5923	392	4719
9005	386	6090
869	166	1744
9290	698	6038
3711	357	1816
1769	176	4919
3242	357	1816
8041	150	4045
7204	176	10741
62	448	1652
4434	502	4413
3819	300	1980
643	366	1808
4726	912	5350
278	392	2036
1661	289	1044
8615	640	5895
4448	323	7018
7537	448	3819
979	204	3112
3380	352	2949
6830	448	5117
6388	289	5171
4426	926	4290
1507	201	3665
7792	342	10416
3446	419	753
4899	747	3498
2550	289	4513
311	342	10687
7674	448	10655
6850	289	9447
2011	357	3401
5257	824	7294
6125	642	6402
6870	800	10498
7972	351	1816
520	626	2307
9234	912	1808
2306	149	4267
2976	824	5998
3551	419	753
609	366	1808
3416	502	1415
2622	289	3746
9354	670	1203
5665	640	7827
4372	351	4290
5773	926	3550
4952	231	5497
10356	448	2822
5172	243	1311
5594	289	4361
2315	926	949
3249	289	3114
6860	243	9728
6125	357	1816
361	289	7231
5586	243	993
3730	357	1816
