0
3
4
5
6
7
8
9
11
12
13
15
16
18
20
21
22
23
25
26
27
28
29
30
32
33
34
35
36
37
38
40
43
44
45
46
47
48
49
50
51
52
53
54
55
56
57
58
60
61
62
63
64
65
66
67
69
70
72
74
77
78
79
81
82
84
85
86
88
89
90
91
93
94
96
99
100
101
102
104
105
106
107
108
109
110
111
112
113
114
118
120
121
125
128
129
130
131
132
136
138
140
141
142
143
145
146
147
148
149
153
154
155
156
157
158
160
161
162
164
166
167
168
169
170
171
172
173
174
175
176
178
181
182
184
185
187
188
189
190
192
193
194
195
196
198
199
201
203
205
206
208
209
210
211
213
214
215
216
217
218
219
220
221
222
223
225
227
228
230
231
232
233
234
238
239
240
241
242
243
246
247
248
249
250
251
252
253
254
255
256
257
258
259
260
261
265
266
267
268
270
271
272
274
275
276
277
278
279
280
281
282
287
288
289
290
292
293
295
296
300
301
302
303
304
305
306
307
309
310
311
312
313
314
315
316
317
318
319
320
321
323
324
325
326
327
328
329
331
333
334
336
337
340
341
343
345
346
348
352
354
356
357
358
359
362
364
365
366
369
370
373
377
378
381
382
383
384
386
387
388
389
390
391
392
393
394
396
397
399
401
403
404
405
406
407
408
410
412
413
415
417
419
420
421
423
424
425
427
429
430
432
433
435
436
437
439
440
442
443
444
445
446
448
449
450
451
453
454
456
457
458
463
464
465
466
467
468
469
471
473
474
475
478
479
480
482
483
484
486
487
488
489
490
493
496
497
498
500
501
504
505
506
507
508
512
513
515
517
520
521
522
524
526
527
529
531
534
535
537
540
541
543
544
545
546
547
548
549
551
553
554
557
559
560
564
565
566
567
569
570
571
574
575
576
578
579
580
585
588
589
590
593
594
595
596
597
598
600
601
605
608
609
610
611
612
613
614
615
616
617
618
620
621
622
629
630
631
632
633
634
638
640
641
642
643
644
645
647
648
649
650
652
655
656
662
664
665
666
668
669
670
674
675
676
677
678
679
680
681
682
683
685
686
689
691
692
693
694
695
697
698
699
701
703
704
706
707
708
709
710
711
712
713
721
730
734
737
740
743
747
748
749
750
751
752
755
756
757
758
760
761
763
766
767
768
771
772
773
776
777
778
779
782
787
790
793
794
797
801
802
803
804
805
807
809
810
811
813
814
815
816
818
819
820
821
823
824
825
826
827
828
830
831
832
834
835
836
837
839
840
841
842
844
845
848
854
855
860
863
864
865
866
868
869
873
875
876
877
879
881
882
883
885
889
890
892
893
897
898
899
901
903
905
907
908
910
911
912
914
916
918
920
922
923
924
931
938
939
943
944
947
948
950
951
952
953
954
957
958
959
961
963
964
965
969
970
971
973
975
978
980
981
982
983
984
986
989
992
993
994
997
999
1000
1001
1003
1004
1005
1006
1007
1008
1010
1011
1013
1014
1016
1020
1022
1024
1027
1028
1029
1031
1032
1033
1035
1037
1039
1040
1041
1042
1044
1045
1046
1047
1048
1049
1050
1051
1053
1054
1055
1060
1061
1062
1063
1065
1066
1067
1069
1070
1076
1078
1079
1080
1081
1082
1084
1085
1087
1090
1093
1094
1095
1096
1099
1101
1102
1103
1107
1108
1110
1112
1113
1114
1115
1117
1118
1119
1121
1123
1125
1126
1127
1128
1129
1130
1131
1133
1134
1136
1137
1138
1139
1140
1141
1142
1143
1144
1146
1147
1149
1150
1151
1152
1153
1154
1155
1158
1159
1160
1161
1162
1164
1165
1166
1167
1169
1170
1172
1174
1176
1177
1179
1181
1184
1185
1186
1187
1188
1189
1201
1202
1205
1206
1207
1208
1209
1210
1212
1213
1214
1218
1219
1220
1221
1223
1224
1226
1227
1228
1229
1231
1233
1234
1236
1238
1240
1244
1247
1248
1250
1254
1257
1258
1260
1262
1263
1265
1266
1268
1269
1271
1272
1275
1281
1283
1284
1285
1286
1287
1288
1291
1292
1293
1294
1295
1296
1300
1302
1303
1304
1306
1308
1309
1310
1311
1312
1313
1314
1315
1318
1320
1324
1325
1329
1330
1331
1332
1333
1334
1335
1336
1338
1339
1340
1341
1344
1345
1346
1348
1349
1350
1351
1352
1353
1354
1355
1356
1358
1360
1362
1363
1364
1366
1367
1370
1371
1372
1373
1377
1379
1380
1381
1383
1384
1386
1387
1388
1391
1392
1393
1394
1395
1396
1398
1399
1400
1401
1402
1404
1405
1406
1409
1410
1411
1412
1413
1414
1415
1416
1417
1419
1421
1424
1425
1426
1429
1431
1432
1433
1434
1436
1437
1438
1439
1442
1445
1447
1448
1451
1452
1453
1454
1457
1462
1464
1468
1470
1472
1473
1475
1476
1478
1480
1482
1483
1484
1485
1488
1489
1492
1493
1495
1496
1497
1500
1501
1504
1507
1508
1512
1515
1517
1599
1624
1627
1631
1632
1634
1635
1636
1637
1638
1640
1641
1642
1643
1644
1647
1649
1650
1654
1658
1659
1660
1661
1662
1663
1664
1667
1668
1671
1672
1673
1674
1675
1679
1680
1681
1687
1688
1689
1692
1693
1694
1695
1696
1697
1698
1700
1702
1703
1704
1705
1706
1707
1713
1716
1719
1720
1721
1722
1724
1726
1728
1729
1732
1733
1734
1735
1739
1740
1741
1742
1744
1749
1753
1754
1755
1757
1758
1762
1764
1765
1767
1769
1770
1771
1772
1773
1774
1775
1776
1777
1779
1783
1784
1785
1787
1788
1789
1790
1792
1794
1795
1796
1798
1799
1800
1801
1805
1806
1807
1808
1809
1810
1811
1812
1816
1817
1818
1820
1822
1824
1825
1827
1828
1829
1830
1831
1833
1835
1837
1838
1839
1840
1847
1848
1849
1850
1851
1852
1853
1854
1855
1856
1857
1858
1859
1860
1861
1862
1863
1864
1865
1866
1867
1868
1871
1875
1877
1879
1880
1881
1882
1883
1885
1886
1888
1889
1892
1895
1896
1897
1905
1906
1909
1910
1912
1913
1914
1916
1919
1922
1924
1926
1928
1929
1930
1931
1934
1935
1937
1938
1939
1940
1944
1945
1949
1950
1951
1952
1953
1955
1956
1960
1961
1964
1969
1970
1971
1972
1973
1974
1976
1977
1982
1986
1988
1989
1990
1992
1993
1994
1996
1998
1999
2001
2003
2004
2005
2006
2008
2009
2010
2011
2012
2013
2014
2016
2017
2018
2020
2022
2024
2025
2027
2028
2032
2033
2036
2037
2039
2042
2043
2044
2045
2047
2048
2050
2051
2055
2056
2057
2058
2062
2063
2064
2065
2066
2067
2070
2071
2072
2073
2075
2078
2086
2087
2088
2089
2091
2093
2099
2101
2103
2104
2105
2107
2108
2109
2110
2111
2113
2115
2116
2117
2118
2119
2120
2121
2122
2123
2124
2125
2126
2128
2130
2131
2133
2134
2136
2139
2140
2142
2143
2144
2146
2148
2149
2150
2151
2153
2155
2156
2158
2159
2160
2161
2162
2163
2164
2173
2175
2176
2180
2181
2182
2183
2184
2186
2190
2191
2193
2195
2196
2197
2198
2199
2200
2201
2202
2204
2206
2207
2209
2210
2211
2212
2213
2214
2215
2216
2218
2219
2221
2222
2223
2224
2225
2228
2229
2231
2232
2233
2234
2235
2236
2237
2238
2239
2240
2241
2243
2246
2247
2249
2250
2252
2253
2254
2256
2262
2264
2265
2269
2271
2272
2274
2275
2276
2277
2278
2279
2280
2282
2284
2286
2287
2288
2289
2290
2292
2294
2295
2297
2298
2301
2304
2305
2306
2307
2308
2311
2313
2316
2317
2318
2319
2320
2321
2323
2324
2326
2328
2329
2330
2331
2332
2334
2335
2336
2337
2339
2342
2344
2345
2346
2347
2349
2351
2353
2354
2355
2356
2357
2359
2360
2361
2362
2363
2369
2370
2371
2373
2374
2376
2377
2378
2380
2381
2382
2384
2385
2386
2387
2388
2389
2390
2391
2393
2394
2395
2398
2399
2400
2401
2402
2403
2405
2408
2410
2411
2413
2416
2418
2419
2420
2421
2422
2423
2424
2426
2428
2429
2430
2431
2432
2433
2434
2437
2438
2439
2440
2441
2442
2443
2445
2447
2448
2449
2452
2453
2454
2455
2456
2458
2462
2464
2466
2468
2469
2470
2471
2472
2473
2475
2476
2478
2479
2481
2482
2483
2484
2487
2489
2490
2491
2493
2494
2495
2497
2498
2499
2501
2502
2503
2504
2505
2506
2507
2508
2509
2514
2515
2516
2518
2519
2521
2525
2526
2527
2528
2529
2530
2535
2536
2537
2538
2539
2541
2544
2546
2547
2548
2549
2550
2551
2553
2556
2557
2558
2559
2560
2561
2563
2565
2567
2568
2571
2573
2574
2575
2576
2577
2582
2583
2586
2588
2589
2591
2593
2594
2596
2599
2600
2601
2603
2604
2605
2606
2607
2610
2611
2612
2613
2614
2615
2616
2617
2618
2619
2620
2621
2622
2623
2626
2628
2629
2632
2634
2637
2640
2642
2643
2644
2646
2648
2649
2656
2659
2663
2664
2666
2668
2669
2670
2672
2673
2674
2675
2677
2679
2680
2681
2682
2683
2684
2686
2687
2688
2689
2691
2694
2695
2697
2698
2701
2705
2708
2709
2711
2713
2714
2715
2719
2722
2724
2725
2726
2727
2729
2730
2732
2734
2735
2736
2737
2738
2739
2740
2743
2744
2746
2747
2748
2749
2752
2754
2755
2756
2758
2759
2760
2761
2762
2763
2765
2767
2768
2770
2772
2773
2774
2775
2779
2780
2782
2783
2785
2786
2787
2789
2790
2793
2798
2799
2801
2802
2803
2804
2805
2807
2808
2809
2811
2812
2813
2814
2815
2816
2817
2818
2819
2820
2821
2822
2823
2824
2825
2829
2830
2831
2834
2835
2836
2839
2840
2842
2845
2846
2848
2850
2853
2854
2855
2856
2858
2859
2860
2864
2866
2867
2868
2870
2872
2873
2874
2875
2876
2877
2878
2879
2880
2881
2882
2886
2889
2892
2893
2896
2897
2899
2900
2901
2902
2904
2905
2906
2907
2909
2910
2911
2912
2913
2914
2917
2921
2922
2924
2925
2926
2927
2928
2929
2931
2935
2936
2938
2940
2941
2942
2945
2947
2948
2950
2951
2952
2953
2954
2955
2956
2957
2961
2962
2963
2965
2966
2967
2968
2969
2970
2971
2972
2974
2975
2976
2977
2978
2979
2981
2983
2984
2985
2986
2987
2988
2992
2993
2997
2998
2999
3001
3002
3004
3006
3007
3010
3011
3012
3013
3014
3015
3016
3017
3018
3021
3022
3023
3024
3025
3027
3028
3031
3035
3036
3038
3039
3043
3044
3046
3048
3051
3052
3055
3057
3059
3060
3061
3062
3063
3065
3066
3067
3068
3069
3070
3071
3072
3073
3074
3075
3077
3078
3079
3081
3082
3083
3085
3087
3088
3089
3090
3091
3094
3095
3096
3097
3098
3099
3100
3101
3102
3103
3105
3106
3107
3109
3110
3111
3113
3114
3115
3116
3118
3119
3120
3122
3123
3126
3127
3130
3132
3136
3138
3139
3142
3146
3147
3149
3151
3152
3154
3155
3156
3157
3158
3160
3161
3162
3163
3164
3165
3166
3167
3168
3169
3170
3172
3173
3174
3175
3177
3178
3179
3181
3183
3184
3185
3186
3188
3189
3190
3191
3192
3193
3194
3199
3201
3202
3204
3205
3206
3207
3208
3209
3210
3212
3213
3214
3215
3216
3219
3220
3222
3223
3225
3226
3227
3230
3232
3233
3234
3235
3238
3239
3240
3241
3242
3244
3246
3248
3249
3250
3251
3253
3255
3257
3258
3259
3262
3263
3264
3265
3266
3268
3269
3271
3274
3275
3276
3278
3279
3280
3281
3282
3284
3286
3287
3288
3289
3290
3291
3292
3293
3294
3296
3297
3298
3299
3300
3301
3305
3311
3312
3315
3317
3321
3325
3329
3331
3332
3336
3337
3338
3340
3341
3342
3343
3344
3346
3348
3349
3350
3351
3352
3353
3354
3355
3356
3357
3358
3359
3360
3367
3368
3369
3370
3372
3373
3375
3377
3378
3379
3380
3382
3383
3384
3386
3387
3388
3389
3390
3393
3394
3395
3397
3398
3399
3400
3401
3402
3403
3404
3405
3409
3410
3411
3413
3414
3415
3416
3417
3418
3419
3424
3426
3427
3428
3429
3430
3431
3433
3434
3435
3437
3440
3441
3442
3443
3445
3447
3449
3450
3451
3452
3453
3456
3457
3460
3461
3463
3465
3466
3472
3473
3474
3475
3476
3478
3479
3482
3483
3484
3486
3487
3489
3491
3492
3494
3495
3496
3497
3498
3501
3503
3504
3505
3506
3511
3513
3519
3521
3522
3523
3524
3527
3528
3529
3530
3531
3533
3534
3536
3537
3539
3542
3543
3547
3549
3551
3552
3553
3554
3555
3556
3557
3558
3559
3560
3561
3562
3563
3565
3566
3567
3568
3569
3570
3571
3572
3573
3575
3576
3577
3578
3579
3580
3581
3582
3584
3586
3587
3588
3589
3590
3591
3592
3594
3595
3597
3598
3600
3601
3603
3605
3606
3607
3610
3613
3617
3618
3621
3622
3625
3626
3628
3629
3631
3634
3635
3636
3637
3640
3641
3644
3645
3648
3651
3652
3654
3656
3660
3666
3667
3669
3671
3672
3674
3675
3676
3679
3681
3682
3684
3686
3687
3688
3689
3690
3691
3692
3693
3697
3699
3704
3709
3711
3712
3715
3716
3717
3718
3720
3723
3726
3728
3730
3731
3732
3733
3734
3735
3737
3738
3739
3740
3741
3742
3743
3744
3746
3747
3750
3751
3752
3753
3755
3756
3758
3759
3760
3764
3769
3770
3771
3772
3774
3776
3777
3778
3780
3782
3783
3785
3787
3788
3791
3792
3794
3795
3796
3797
3798
3799
3801
3803
3810
3811
3812
3813
3814
3815
3816
3817
3819
3820
3821
3822
3823
3824
3825
3826
3828
3829
3830
3832
3836
3838
3841
3844
3845
3850
3851
3852
3853
3855
3857
3858
3862
3863
3864
3865
3866
3867
3868
3870
3872
3876
3878
3879
3881
3882
3884
3885
3886
3887
3889
3890
3892
3893
3895
3897
3899
3900
3901
3903
3904
3905
3906
3907
3908
3910
3911
3913
3915
3916
3918
3920
3921
3922
3923
3924
3925
3926
3929
3930
3932
3934
3935
3937
3939
3940
3941
3942
3943
3944
3946
3947
3950
3965
3967
3969
3972
3975
3976
3977
3978
3979
3981
3983
3986
3987
3989
3990
3991
3992
3999
4001
4002
4004
4006
4008
4009
4010
4011
4014
4015
4016
4017
4018
4020
4021
4023
4025
4027
4028
4030
4032
4033
4034
4035
4036
4044
4045
4046
4047
4048
4053
4055
4056
4058
4059
4060
4063
4064
4065
4066
4067
4069
4070
4072
4073
4074
4076
4077
4078
4079
4081
4082
4084
4085
4086
4087
4088
4089
4090
4092
4093
4095
4096
4097
4098
4099
4103
4105
4106
4109
4112
4113
4116
4117
4118
4119
4120
4121
4122
4126
4127
4128
4131
4132
4134
4135
4136
4138
4140
4141
4142
4144
4145
4148
4150
4151
4154
4155
4156
4158
4160
4161
4162
4163
4164
4165
4166
4167
4168
4171
4172
4173
4174
4177
4179
4182
4184
4185
4186
4187
4191
4192
4194
4195
4196
4197
4199
4200
4201
4202
4203
4204
4206
4207
4211
4212
4213
4214
4216
4219
4223
4224
4225
4226
4228
4229
4231
4234
4235
4236
4237
4238
4240
4241
4242
4243
4245
4247
4248
4249
4250
4252
4254
4255
4256
4257
4258
4265
4266
4268
4269
4271
4273
4275
4276
4277
4279
4280
4281
4283
4286
4287
4290
4291
4292
4294
4295
4296
4298
4299
4300
4301
4303
4307
4309
4311
4314
4315
4317
4320
4321
4322
4323
4324
4325
4330
4331
4333
4336
4337
4339
4340
4341
4343
4345
4346
4348
4349
4350
4354
4355
4356
4357
4360
4365
4368
4369
4371
4373
4374
4376
4378
4382
4385
4386
4387
4388
4389
4390
4392
4393
4395
4396
4397
4398
4401
4406
4407
4409
4410
4412
4413
4414
4415
4416
4417
4421
4422
4423
4424
4425
4426
4427
4429
4431
4432
4433
4434
4435
4436
4438
4439
4443
4444
4446
4447
4449
4450
4451
4453
4454
4455
4456
4457
4458
4459
4461
4462
4465
4466
4468
4469
4470
4471
4472
4473
4475
4476
4478
4479
4480
4481
4482
4483
4484
4485
4486
4487
4488
4489
4490
4491
4492
4493
4495
4496
4497
4498
4499
4500
4503
4505
4506
4507
4508
4509
4510
4511
4512
4513
4515
4516
4517
4520
4521
4522
4523
4524
4526
4527
4528
4529
4530
4531
4532
4534
4535
4536
4537
4538
4540
4541
4542
4543
4545
4546
4548
4551
4553
4554
4555
4556
4558
4560
4562
4564
4565
4566
4567
4568
4569
4570
4572
4573
4576
4577
4579
4580
4581
4583
4585
4586
4588
4589
4591
4592
4593
4594
4595
4596
4598
4599
4600
4601
4603
4604
4605
4606
4607
4608
4609
4611
4615
4616
4618
4619
4622
4623
4626
4629
4631
4633
4635
4636
4637
4638
4639
4640
4641
4642
4645
4646
4647
4648
4649
4651
4652
4653
4654
4655
4656
4658
4659
4662
4663
4664
4666
4667
4668
4669
4671
4672
4673
4675
4676
4678
4680
4681
4683
4684
4685
4687
4688
4690
4692
4693
4695
4696
4697
4700
4703
4704
4705
4707
4708
4709
4710
4711
4712
4713
4716
4718
4721
4723
4724
4725
4728
4729
4730
4731
4732
4733
4734
4736
4738
4739
4740
4741
4742
4743
4744
4745
4746
4747
4748
4750
4754
4755
4757
4759
4760
4761
4764
4765
4766
4768
4770
4774
4775
4776
4779
4780
4782
4786
4788
4789
4790
4791
4792
4793
4795
4796
4797
4798
4799
4801
4802
4803
4805
4806
4807
4808
4809
4810
4813
4814
4816
4818
4821
4823
4824
4825
4828
4833
4838
4840
4843
4844
4861
4872
4874
4883
4885
4887
4888
4889
4890
4892
4896
4897
4898
4899
4901
4902
4904
4906
4909
4911
4913
4915
4916
4917
4918
4919
4920
4921
4922
4923
4924
4925
4926
4928
4929
4930
4931
4933
4934
4935
4936
4937
4942
4943
4946
4948
4949
4951
4952
4954
4955
4956
4957
4959
4960
4961
4963
4964
4965
4967
4971
4973
4974
4975
4976
4977
4978
4979
4980
4982
4983
4985
4986
4989
4990
4991
4995
4996
4997
5003
5004
5005
5007
5010
5011
5012
5015
5018
5022
5023
5025
5027
5028
5029
5031
5032
5038
5039
5040
5041
5042
5043
5044
5046
5047
5048
5049
5051
5052
5053
5054
5055
5056
5057
5058
5059
5063
5064
5066
5067
5068
5069
5070
5071
5072
5073
5074
5078
5079
5080
5081
5082
5084
5085
5086
5087
5089
5090
5091
5092
5096
5097
5098
5099
5100
5101
5102
5103
5104
5106
5107
5111
5112
5113
5118
5122
5124
5125
5126
5130
5131
5132
5133
5134
5138
5139
5140
5141
5142
5143
5146
5147
5148
5149
5152
5153
5155
5156
5157
5158
5162
5163
5165
5166
5167
5168
5169
5170
5172
5175
5176
5177
5178
5179
5180
5181
5183
5186
5187
5191
5192
5196
5198
5199
5201
5205
5207
5208
5210
5211
5215
5220
5225
5227
5228
5230
5231
5234
5236
5240
5242
5243
5248
5250
5252
5254
5261
5263
5264
5265
5266
5267
5272
5274
5276
5279
5282
5283
5284
5285
5287
5289
5290
5291
5293
5294
5295
5296
5297
5299
5300
5301
5302
5303
5304
5306
5307
5308
5309
5312
5314
5316
5318
5319
5320
5322
5328
5329
5330
5331
5332
5335
5340
5343
5346
5347
5348
5349
5350
5351
5352
5354
5355
5356
5357
5358
5360
5361
5363
5365
5369
5370
5371
5372
5374
5375
5377
5378
5379
5380
5382
5383
5385
5386
5388
5389
5393
5394
5396
5397
5398
5400
5401
5403
5406
5407
5409
5410
5411
5413
5417
5419
5421
5422
5423
5425
5430
5431
5432
5434
5435
5437
5439
5440
5441
5442
5443
5444
5447
5448
5449
5450
5452
5454
5456
5457
5458
5459
5462
5465
5467
5468
5470
5471
5472
5474
5475
5476
5483
5487
5488
5489
5490
5491
5494
5495
5496
5497
5499
5500
5501
5503
5505
5506
5512
5514
5516
5517
5519
5520
5522
5523
5525
5526
5528
5531
5532
5533
5535
5536
5537
5538
5539
5540
5541
5546
5547
5552
5553
5555
5558
5561
5562
5563
5565
5568
5571
5572
5573
5574
5578
5579
5581
5585
5586
5588
5589
5591
5592
5594
5595
5597
5599
5600
5601
5602
5603
5604
5605
5606
5607
5609
5611
5612
5614
5616
5619
5622
5626
5627
5629
5631
5633
5634
5636
5637
5638
5640
5643
5645
5646
5648
5649
5650
5651
5654
5655
5656
5661
5664
5665
5666
5668
5669
5670
5671
5672
5673
5674
5675
5676
5677
5678
5681
5685
5690
5692
5694
5697
5698
5700
5701
5702
5705
5706
5710
5711
5713
5714
5715
5716
5717
5718
5719
5720
5722
5723
5725
5728
5729
5730
5732
5733
5734
5735
5736
5737
5738
5740
5741
5742
5745
5750
5752
5754
5757
5758
5759
5761
5762
5763
5764
5765
5767
5768
5769
5770
5771
5773
5776
5777
5781
5782
5783
5784
5785
5786
5790
5792
5799
5800
5801
5803
5805
5806
5808
5810
5811
5812
5814
5815
5816
5818
5820
5822
5823
5826
5827
5830
5831
5832
5833
5834
5836
5840
5841
5843
5845
5846
5847
5849
5850
5851
5852
5854
5855
5857
5859
5861
5862
5863
5866
5867
5868
5870
5871
5873
5875
5877
5878
5880
5882
5883
5886
5887
5888
5889
5890
5892
5895
5897
5898
5899
5900
5901
5903
5904
5905
5907
5908
5911
5912
5913
5918
5921
5922
5927
5931
5932
5933
5935
5936
5937
5938
5939
5940
5942
5944
5945
5948
5950
5953
5954
5956
5957
5958
5959
5960
5961
5962
5963
5964
5965
5966
5968
5969
5972
5973
5975
5977
5978
5981
5982
5983
5986
5987
5990
5994
5996
6000
6002
6003
6005
6006
6007
6008
6014
6015
6016
6017
6018
6019
6020
6022
6024
6025
6026
6027
6028
6031
6032
6033
6034
6037
6040
6043
6044
6045
6046
6048
6049
6051
6052
6053
6054
6056
6057
6058
6059
6060
6063
6064
6066
6067
6069
6072
6074
6075
6076
6077
6078
6079
6082
6083
6085
6086
6087
6088
6089
6090
6091
6092
6093
6094
6095
6096
6097
6098
6102
6104
6107
6108
6109
6110
6112
6113
6116
6117
6118
6121
6122
6123
6124
6127
6129
6133
6134
6135
6136
6137
6138
6141
6145
6146
6148
6149
6150
6151
6152
6155
6156
6158
6160
6162
6163
6164
6165
6167
6169
6170
6171
6172
6173
6174
6177
6178
6179
6180
6181
6182
6183
6186
6190
6191
6194
6195
6197
6201
6202
6203
6204
6205
6210
6211
6213
6216
6217
6218
6219
6220
6221
6226
6227
6228
6229
6230
6231
6235
6236
6237
6238
6239
6240
6242
6244
6246
6247
6251
6253
6255
6258
6259
6260
6261
6263
6264
6265
6267
6272
6273
6274
6275
6277
6280
6281
6282
6283
6284
6287
6289
6290
6291
6292
6293
6295
6296
6298
6300
6301
6302
6303
6304
6305
6307
6308
6310
6311
6313
6318
6319
6320
6321
6322
6323
6326
6328
6329
6330
6332
6337
6340
6341
6342
6344
6345
6348
6349
6350
6352
6353
6356
6358
6359
6360
6363
6366
6368
6371
6372
6373
6376
6377
6379
6382
6385
6386
6389
6390
6392
6395
6397
6399
6400
6402
6403
6405
6406
6407
6408
6409
6411
6412
6415
6416
6417
6419
6420
6425
6426
6427
6430
6431
6432
6433
6436
6437
6440
6441
6443
6445
6448
6449
6451
6452
6457
6458
6459
6461
6462
6464
6465
6467
6470
6471
6472
6473
6475
6477
6478
6480
6482
6484
6485
6486
6487
6488
6490
6492
6493
6494
6496
6497
6499
6500
6504
6505
6506
6508
6512
6515
6517
6518
6521
6523
6524
6526
6528
6529
6531
6533
6534
6538
6539
6541
6542
6544
6545
6547
6551
6552
6553
6554
6555
6557
6558
6559
6561
6562
6563
6564
6566
6569
6570
6576
6577
6579
6580
6581
6584
6585
6586
6588
6589
6593
6595
6596
6600
6601
6603
6606
6607
6608
6612
6613
6614
6615
6616
6617
6618
6623
6624
6626
6627
6628
6629
6631
6632
6633
6634
6635
6636
6637
6638
6639
6640
6641
6643
6644
6645
6647
6649
6653
6655
6658
6660
6663
6665
6667
6669
6670
6673
6674
6675
6676
6679
6680
6681
6682
6684
6686
6687
6688
6690
6693
6694
6696
6698
6699
6700
6702
6704
6705
6706
6708
6710
6711
6712
6713
6714
6715
6716
6718
6719
6720
6721
6722
6724
6725
6726
6728
6729
6730
6731
6732
6734
6736
6738
6742
6743
6744
6746
6747
6750
6752
6755
6756
6757
6759
6761
6763
6764
6765
6766
6767
6768
6769
6770
6772
6773
6774
6776
6778
6780
6782
6783
6784
6785
6786
6789
6792
6794
6795
6797
6798
6799
6800
6802
6803
6807
6808
6809
6810
6811
6812
6813
6816
6817
6820
6823
6824
6825
6826
6827
6828
6830
6831
6832
6833
6834
6837
6839
6840
6841
6842
6843
6845
6846
6847
6849
6850
6851
6852
6854
6856
6857
6858
6859
6860
6861
6862
6864
6865
6866
6868
6869
6872
6874
6875
6876
6877
6879
6880
6881
6882
6883
6885
6886
6888
6890
6892
6893
6896
6897
6900
6902
6903
6904
6910
6911
6912
6913
6914
6915
6916
6918
6919
6920
6921
6922
6926
6928
6931
6932
6934
6935
6936
6937
6938
6939
6941
6942
6944
6945
6948
6949
6950
6951
6952
6955
6956
6957
6958
6960
6961
6962
6963
6965
6968
6969
6972
6975
6976
6978
6979
6981
6984
6985
6992
6993
6994
6996
6998
6999
7000
7002
7003
7005
7007
7008
7009
7010
7012
7013
7014
7015
7016
7018
7020
7021
7022
7023
7025
7027
7028
7029
7030
7031
7032
7034
7035
7036
7038
7040
7041
7042
7043
7044
7045
7046
7047
7048
7050
7051
7052
7053
7054
7055
7056
7058
7060
7062
7063
7064
7065
7068
7069
7070
7071
7072
7073
7075
7076
7077
7079
7082
7083
7085
7088
7089
7090
7092
7093
7094
7095
7097
7100
7103
7104
7107
7110
7112
7115
7117
7119
7121
7122
7123
7124
7126
7128
7129
7130
7134
7135
7137
7138
7140
7141
7143
7144
7146
7147
7148
7149
7150
7154
7155
7156
7157
7160
7163
7164
7166
7167
7168
7171
7173
7174
7175
7176
7177
7178
7179
7180
7182
7184
7188
7189
7190
7192
7193
7194
7195
7197
7198
7199
7200
7201
7202
7204
7205
7207
7208
7209
7210
7211
7212
7213
7215
7217
7223
7227
7234
7236
7237
7238
7239
7240
7241
7242
7245
7246
7247
7248
7249
7250
7252
7254
7256
7260
7262
7265
7266
7267
7268
7273
7274
7276
7278
7281
7283
7284
7285
7288
7290
7292
7293
7294
7295
7296
7298
7299
7300
7301
7302
7303
7304
7305
7307
7308
7310
7311
7315
7316
7318
7319
7320
7323
7326
7331
7332
7333
7335
7336
7337
7338
7339
7341
7342
7345
7346
7348
7349
7350
7351
7352
7354
7356
7357
7358
7359
7361
7362
7364
7365
7366
7367
7368
7369
7370
7371
7372
7374
7375
7378
7379
7380
7381
7383
7384
7387
7388
7390
7392
7395
7396
7397
7398
7399
7402
7403
7405
7409
7410
7415
7417
7418
7419
7421
7422
7423
7425
7426
7428
7429
7430
7431
7432
7433
7434
7437
7438
7439
7440
7441
7442
7446
7448
7449
7452
7456
7457
7458
7459
7462
7463
7464
7465
7466
7468
7469
7470
7472
7473
7474
7475
7476
7479
7480
7482
7486
7487
7488
7490
7492
7493
7495
7498
7501
7502
7503
7505
7507
7509
7511
7512
7513
7514
7516
7518
7519
7520
7521
7522
7523
7524
7527
7529
7530
7531
7533
7534
7538
7540
7542
7544
7546
7548
7550
7552
7553
7554
7558
7559
7560
7561
7562
7563
7564
7568
7570
7572
7573
7575
7578
7580
7581
7583
7584
7585
7586
7588
7590
7591
7594
7595
7596
7597
7598
7599
7602
7605
7607
7609
7611
7613
7614
7615
7616
7618
7619
7621
7622
7624
7626
7627
7628
7629
7630
7631
7634
7636
7637
7638
7639
7640
7641
7642
7648
7649
7650
7652
7654
7655
7657
7658
7659
7660
7661
7662
7665
7667
7668
7670
7672
7673
7674
7677
7678
7679
7681
7684
7685
7687
7692
7694
7696
7698
7699
7700
7701
7702
7703
7705
7706
7708
7710
7711
7713
7714
7717
7718
7720
7722
7723
7724
7725
7726
7727
7728
7729
7730
7731
7733
7734
7736
7737
7738
7740
7741
7742
7743
7744
7746
7747
7748
7749
7750
7751
7754
7755
7756
7760
7764
7768
7769
7771
7772
7774
7775
7777
7779
7780
7781
7782
7783
7784
7785
7789
7790
7791
7792
7793
7794
7795
7798
7799
7800
7802
7804
7806
7807
7809
7811
7813
7815
7817
7818
7819
7820
7821
7822
7823
7825
7829
7832
7834
7835
7836
7837
7838
7839
7840
7841
7842
7844
7845
7847
7849
7851
7853
7854
7856
7857
7858
7859
7860
7861
7862
7863
7864
7866
7867
7868
7869
7870
7872
7873
7874
7875
7878
7880
7881
7882
7883
7884
7885
7886
7887
7890
7891
7892
7893
7894
7895
7896
7898
7899
7900
7901
7902
7903
7904
7905
7906
7908
7909
7912
7916
7917
7918
7919
7920
7922
7923
7925
7926
7931
7932
7933
7935
7938
7939
7940
7941
7943
7944
7947
7948
7949
7951
7952
7956
7957
7959
7960
7961
7962
7963
7964
7965
7967
7968
7970
7971
7974
7975
7977
7979
7980
7981
7982
7983
7984
7985
7986
7987
7989
7990
7991
7992
7994
7995
7998
8006
8007
8008
8009
8015
8017
8018
8020
8022
8024
8026
8027
8028
8031
8032
8033
8034
8036
8037
8038
8039
8041
8042
8043
8044
8045
8046
8047
8051
8052
8053
8054
8057
8058
8060
8061
8062
8063
8064
8065
8067
8068
8069
8071
8072
8073
8075
8076
8078
8079
8080
8081
8083
8087
8089
8091
8093
8094
8097
8098
8099
8101
8102
8104
8105
8106
8109
8110
8111
8113
8114
8116
8117
8118
8119
8120
8121
8122
8123
8126
8127
8128
8130
8131
8132
8133
8135
8136
8137
8138
8139
8140
8141
8142
8144
8145
8146
8147
8151
8154
8156
8158
8160
8161
8163
8164
8169
8170
8175
8176
8177
8178
8179
8180
8181
8182
8183
8184
8185
8186
8188
8189
8190
8191
8192
8193
8194
8196
8197
8206
8207
8208
8209
8211
8214
8215
8217
8218
8219
8220
8221
8222
8223
8224
8225
8227
8228
8229
8232
8233
8235
8236
8237
8238
8240
8242
8244
8246
8247
8248
8250
8251
8252
8254
8255
8257
8258
8259
8260
8261
8262
8264
8265
8267
8269
8270
8271
8274
8278
8285
8286
8288
8289
8290
8292
8293
8294
8295
8296
8297
8299
8300
8301
8302
8303
8308
8310
8312
8313
8317
8320
8327
8328
8329
8331
8332
8333
8334
8335
8336
8337
8340
8341
8343
8344
8345
8346
8347
8348
8353
8354
8357
8358
8359
8360
8361
8365
8369
8371
8372
8374
8377
8378
8380
8381
8382
8389
8390
8393
8394
8398
8399
8401
8405
8407
8408
8410
8411
8412
8413
8415
8416
8422
8426
8428
8429
8431
8432
8433
8435
8436
8438
8443
8444
8446
8447
8448
8449
8450
8451
8452
8454
8455
8457
8460
8464
8465
8469
8470
8472
8473
8475
8476
8477
8478
8479
8482
8483
8484
8486
8488
8489
8491
8492
8493
8495
8497
8498
8499
8501
8502
8505
8506
8509
8510
8512
8514
8518
8519
8520
8522
8524
8525
8526
8527
8531
8532
8533
8535
8536
8537
8538
8539
8541
8542
8543
8544
8548
8549
8550
8551
8553
8557
8559
8560
8561
8562
8564
8567
8568
8570
8571
8572
8573
8574
8578
8580
8581
8582
8583
8586
8587
8590
8591
8593
8594
8595
8598
8600
8603
8604
8605
8608
8609
8611
8612
8616
8618
8619
8620
8622
8626
8628
8629
8630
8631
8632
8633
8634
8638
8640
8641
8644
8647
8648
8649
8650
8651
8654
8655
8659
8661
8663
8664
8665
8668
8670
8671
8675
8677
8678
8679
8680
8681
8682
8683
8684
8685
8687
8688
8689
8692
8694
8696
8697
8699
8701
8703
8704
8705
8706
8709
8710
8714
8716
8718
8720
8721
8722
8723
8724
8725
8728
8729
8730
8732
8734
8738
8740
8741
8742
8743
8745
8746
8747
8748
8751
8752
8753
8754
8755
8756
8757
8762
8764
8765
8766
8767
8768
8771
8772
8773
8775
8778
8779
8781
8782
8783
8785
8786
8787
8788
8789
8790
8791
8793
8794
8795
8799
8801
8803
8804
8805
8807
8810
8814
8815
8816
8817
8818
8819
8820
8822
8825
8826
8827
8829
8831
8833
8835
8836
8837
8838
8839
8840
8842
8843
8844
8848
8853
8858
8859
8860
8861
8862
8863
8871
8872
8874
8875
8876
8877
8879
8880
8881
8882
8884
8885
8887
8888
8889
8890
8891
8892
8894
8895
8896
8899
8900
8902
8903
8904
8906
8907
8909
8911
8913
8914
8916
8918
8923
8924
8925
8927
8928
8930
8934
8935
8936
8937
8938
8940
8941
8942
8943
8945
8946
8947
8948
8951
8953
8955
8957
8959
8960
8962
8963
8965
8966
8967
8968
8969
8970
8971
8972
8973
8974
8977
8979
8980
8981
8982
8983
8984
8985
8986
8987
8988
8989
8990
8991
8992
8993
8994
8996
8997
8999
9001
9002
9003
9004
9005
9007
9008
9009
9010
9011
9013
9014
9015
9016
9018
9020
9021
9022
9023
9024
9026
9027
9028
9029
9030
9032
9033
9035
9036
9039
9041
9042
9044
9045
9046
9048
9049
9052
9053
9054
9055
9056
9057
9058
9059
9060
9063
9067
9068
9069
9070
9071
9074
9075
9076
9078
9079
9081
9084
9085
9092
9094
9095
9098
9099
9100
9102
9103
9104
9105
9106
9107
9110
9113
9114
9115
9118
9120
9121
9123
9124
9127
9128
9129
9130
9131
9133
9136
9137
9138
9139
9140
9141
9143
9144
9146
9147
9148
9151
9152
9155
9156
9157
9158
9160
9161
9163
9164
9166
9167
9168
9171
9172
9174
9175
9177
9178
9179
9180
9182
9183
9184
9185
9187
9188
9189
9191
9193
9194
9196
9197
9202
9204
9206
9207
9209
9210
9212
9213
9214
9215
9217
9218
9219
9222
9225
9229
9230
9234
9235
9237
9238
9239
9240
9244
9246
9248
9249
9251
9252
9254
9255
9256
9257
9259
9261
9262
9263
9264
9266
9269
9271
9272
9273
9274
9278
9280
9281
9285
9287
9288
9289
9290
9293
9295
9297
9298
9299
9301
9302
9304
9306
9308
9310
9311
9313
9314
9315
9318
9320
9322
9323
9324
9326
9329
9330
9331
9333
9335
9336
9337
9338
9339
9340
9341
9343
9345
9346
9347
9353
9355
9356
9357
9359
9363
9368
9369
9371
9374
9375
9377
9378
9379
9380
9382
9385
9386
9387
9388
9390
9391
9392
9394
9395
9396
9397
9398
9399
9400
9402
9403
9404
9408
9410
9411
9413
9414
9418
9424
9425
9426
9427
9428
9429
9431
9432
9435
9436
9437
9438
9440
9441
9442
9443
9445
9447
9449
9450
9454
9455
9459
9460
9461
9462
9463
9464
9467
9470
9471
9472
9473
9476
9477
9479
9480
9481
9482
9483
9487
9490
9493
9495
9496
9498
9500
9505
9507
9508
9510
9514
9515
9516
9517
9518
9519
9524
9526
9529
9532
9533
9534
9535
9536
9539
9540
9541
9542
9543
9544
9548
9550
9551
9554
9556
9558
9559
9560
9561
9563
9566
9567
9569
9571
9572
9573
9577
9578
9580
9584
9585
9586
9587
9588
9589
9590
9591
9592
9593
9594
9595
9597
9598
9600
9601
9604
9605
9606
9607
9608
9610
9611
9613
9618
9619
9620
9621
9622
9625
9627
9628
9630
9631
9632
9633
9635
9636
9637
9639
9640
9645
9646
9647
9652
9653
9655
9656
9658
9659
9662
9663
9665
9667
9668
9669
9671
9672
9674
9676
9677
9678
9679
9684
9685
9687
9688
9690
9691
9693
9694
9695
9698
9699
9700
9701
9703
9707
9708
9710
9712
9715
9717
9718
9719
9720
9721
9724
9725
9726
9728
9729
9730
9732
9734
9736
9737
9739
9740
9743
9746
9747
9748
9749
9750
9751
9752
9753
9755
9756
9757
9760
9761
9762
9764
9765
9766
9771
9773
9774
9777
9778
9780
9782
9783
9784
9785
9786
9787
9788
9789
9790
9791
9792
9797
9800
9801
9802
9804
9805
9806
9808
9809
9811
9813
9816
9817
9818
9819
9820
9821
9822
9824
9825
9827
9828
9831
9832
9837
9840
9841
9842
9844
9847
9848
9849
9851
9852
9853
9854
9856
9858
9860
9861
9863
9864
9866
9867
9870
9872
9875
9876
9879
9880
9881
9882
9885
9890
9891
9895
9898
9899
9901
9902
9906
9908
9912
9913
9915
9917
9918
9919
9920
9922
9923
9924
9925
9926
9927
9928
9929
9932
9933
9935
9936
9939
9943
9944
9946
9948
9950
9952
9953
9957
9958
9959
9961
9962
9963
9966
9968
9970
9971
9976
9977
9979
9980
9981
9982
9983
9984
9986
9990
9993
9994
9995
9996
9998
9999
10000
10001
10002
10008
10009
10010
10013
10014
10016
10017
10019
10021
10026
10028
10030
10033
10034
10035
10036
10037
10040
10041
10042
10044
10045
10046
10047
10048
10052
10054
10055
10056
10058
10060
10061
10064
10065
10069
10071
10072
10073
10074
10075
10079
10080
10081
10082
10084
10085
10087
10088
10090
10091
10093
10094
10097
10098
10099
10101
10102
10104
10105
10106
10108
10109
10110
10111
10112
10113
10116
10117
10118
10119
10120
10121
10122
10123
10124
10125
10126
10127
10128
10131
10132
10135
10136
10137
10138
10139
10142
10144
10145
10146
10147
10149
10150
10151
10152
10155
10156
10158
10162
10163
10165
10166
10167
10168
10169
10171
10173
10174
10175
10176
10178
10180
10182
10184
10185
10186
10187
10188
10189
10190
10191
10194
10195
10196
10197
10198
10200
10202
10203
10206
10207
10208
10209
10210
10211
10212
10213
10214
10215
10217
10218
10222
10223
10224
10225
10228
10230
10231
10232
10233
10234
10236
10239
10241
10242
10244
10246
10247
10248
10249
10250
10253
10254
10255
10256
10258
10259
10260
10261
10262
10263
10267
10269
10271
10272
10273
10275
10277
10279
10280
10282
10283
10284
10286
10288
10289
10291
10292
10293
10296
10297
10298
10299
10302
10303
10304
10305
10306
10307
10308
10309
10311
10313
10314
10315
10318
10319
10320
10321
10326
10327
10328
10330
10333
10335
10338
10340
10341
10342
10344
10346
10347
10352
10353
10357
10358
10359
10360
10361
10363
10365
10368
10370
10371
10372
10373
10375
10376
10377
10380
10382
10383
10385
10386
10389
10390
10391
10393
10396
10397
10398
10399
10400
10401
10402
10403
10405
10407
10408
10410
10411
10413
10415
10416
10418
10419
10420
10421
10422
10423
10424
10426
10427
10428
10429
10432
10435
10441
10443
10446
10447
10450
10451
10453
10454
10455
10457
10458
10459
10462
10464
10465
10467
10468
10472
10474
10475
10477
10478
10479
10481
10482
10486
10487
10490
10493
10494
10495
10496
10498
10499
10501
10505
10506
10507
10508
10509
10510
10514
10515
10516
10519
10520
10522
10523
10524
10527
10528
10530
10531
10533
10537
10539
10541
10542
10543
10544
10547
10548
10549
10550
10551
10552
10554
10555
10556
10557
10561
10562
10564
10566
10567
10568
10569
10570
10571
10572
10575
10580
10585
10586
10588
10589
10590
10591
10592
10594
10595
10597
10598
10599
10600
10601
10603
10604
10606
10608
10609
10610
10611
10614
10616
10617
10618
10619
10621
10627
10628
10629
10630
10631
10632
10635
10636
10637
10640
10642
10643
10646
10647
10649
10651
10654
10655
10656
10657
10658
10659
10661
10662
10663
10664
10666
10668
10670
10672
10673
10678
10679
10680
10682
10683
10684
10685
10688
10689
10690
10691
10694
10695
10696
10697
10700
10703
10705
10706
10707
10709
10710
10712
10714
10715
10716
10717
10718
10720
10721
10722
10724
10725
10728
10731
10735
10736
10737
10739
10743
10744
10745
10748
10750
10752
10753
10754
10757
10759
10760
10761
10763
10764
10765
10766
10767
10768
10769
10770
10771
10772
10774
10775
10776
10777
10778
10781
10782
10783
10785
10786
10787
10788
10790
10791
10792
10793
10795
10797
10799
10800
10802
10803
10804
10808
10809
10810
10811
10813
10814
10815
10817
10818
10820
10821
10824
10826
10828
10832
10833
10836
10837
10838
10841
10843
10847
10848
10850
10851
10852
10853
10855
10856
10857
10861
10862
10863
10864
10865
10866
10867
10870
10874
10877
10878
10882
10883
10886
10887
10888
10889
10890
10891
10893
10896
10898
10907
10909
10910
10911
10912
10913
10915
10916
10918
10922
10925
10926
10929
10931
10932
10934
10935
10936
10937
10939
10940
10941
10944
10945
10947
10948
10950
10951
10952
10955
10958
10959
10961
10963
10964
10965
10968
10969
10970
10971
10972
10973
10976
10978
10979
10982
10984
10985
10987
10990
10992
10993
10994
10995
10997
11001
11006
11007
11009
11011
11013
11015
11016
11017
11019
11021
11023
11024
11026
11027
11028
11031
11032
11037
11040
11041
11044
11045
11047
11049
11050
11052
11053
11054
11055
11056
11057
11058
11061
11062
11063
11064
11065
11066
11067
11068
11072
11073
11074
11075
11078
11079
11082
11087
11089
11090
11091
11092
11094
11095
11096
11098
11099
11100
11102
11104
11105
11106
11109
11110
11113
11114
11115
11117
11118
11120
11122
11124
11125
11126
11127
11128
11129
11130
11131
11132
11133
11135
11138
11139
11141
11142
11143
11144
11145
11148
11153
11154
11155
11160
11162
11163
11164
11165
11166
11167
11168
11174
11175
11176
11178
11179
11180
11185
11186
11187
11188
11191
11192
11193
11196
11197
11198
11200
11201
11203
11204
11206
11208
11212
11214
11215
11216
11218
11220
11221
11222
11223
11224
11225
11227
11228
11229
11234
11235
11241
11243
11244
11245
11247
11251
11253
11255
11256
11257
11260
11266
11267
11272
11273
11276
11277
11279
11281
11282
11284
11286
11287
11290
11292
11293
11294
11297
11298
11299
11300
11302
11303
11304
11305
11306
11310
11311
11312
11314
11315
11316
11319
11321
11322
11323
11324
11326
11327
11329
11330
11331
11332
11333
11336
11337
11338
11339
11341
11343
11344
11345
11346
11347
11348
11350
11351
11354
11355
11357
11359
11360
11363
11364
11366
11367
11368
11369
11370
11371
11372
11374
11375
11376
11378
11379
11380
11383
11385
11388
11391
11393
11396
11397
11398
11399
11400
11401
11405
11406
11408
11409
11410
11411
11414
11416
11417
11419
11420
11421
11422
11424
11426
11427
11430
11433
11434
11438
11439
11441
11444
11445
11446
11449
11457
11458
11459
11460
11465
11466
11467
11468
11469
11470
11473
11475
11476
11477
11478
11481
11482
11484
11485
11487
11490
11491
11492
11495
11496
11497
11501
11502
11505
11506
11507
11508
11510
11511
11512
11513
11514
11516
11519
11520
11525
11528
11529
11530
11531
11533
11535
11536
11540
11541
11542
11543
11546
11548
11549
11551
11552
11553
11555
11556
11557
11559
11560
11562
11563
11565
11566
11567
11570
11571
11572
11573
11574
11577
11578
11579
11582
11583
11584
11585
11589
11591
11592
11593
11594
11595
11598
11599
11601
11602
11604
11605
11607
11608
11609
11611
11612
11614
11615
11616
11617
11619
11621
11622
11623
11624
11625
11627
11629
11630
11631
11632
11634
11636
11638
11639
11640
11641
11643
11644
11645
11646
11647
11648
11649
11651
11652
11657
11659
11660
11661
11662
11663
11664
11665
11666
11670
11671
11675
11676
11677
11680
11683
11685
11686
11687
11688
11690
11692
11693
11694
11695
11696
11698
11701
11702
11703
11704
11706
11707
11708
11709
11710
11711
11713
11715
11716
11717
11718
11719
11726
11728
11729
11730
11731
11735
11736
11738
11740
11741
11743
11744
11747
11748
11749
11750
11752
11756
11757
11759
11762
11764
11767
11768
11769
11770
11772
11773
11774
11775
11776
11777
11779
11780
11781
11782
11783
11784
11788
11790
11792
11793
11794
11796
11797
11798
11799
11802
11803
11804
11805
11807
11808
11810
11811
11813
11815
11816
11817
11818
11819
11821
11822
11823
11824
11826
11828
11830
11831
11833
11834
11836
11837
11838
11839
11840
11842
11844
11845
11846
11848
11850
11851
11853
11857
11859
11860
11861
11862
11867
11868
11869
11870
11871
11872
11877
11879
11880
11881
11882
11886
11887
11889
11890
11892
11893
11894
11895
11896
11898
11899
11901
11903
11904
11905
11907
11908
11910
11911
11912
11913
11914
11916
11918
11920
11921
11923
11925
11926
11928
11931
11933
11934
11936
11941
11942
11944
11946
11947
11948
11950
11952
11956
11957
11958
11959
11967
11968
11969
11970
11971
11972
11975
11976
11978
11979
11980
11983
11984
11986
11987
11991
11992
11993
11994
11995
11996
11997
11998
11999
12000
12003
12004
12005
12006
12007
12010
12012
12016
12017
12018
12019
12020
12021
12023
12024
12025
12027
12028
12030
12031
12032
12034
12036
12038
12040
12041
12042
12043
12045
12047
12048
12049
12051
12052
12053
12055
12056
12057
12058
12059
12062
12063
12064
12065
12067
12068
12069
12070
12071
12075
12076
12077
12078
12080
12081
12082
12083
12084
12086
12088
12091
12097
12098
12100
12102
12103
12104
12105
12106
12107
12110
12111
12113
12117
12119
12120
12121
12122
12123
12125
12129
12130
12131
12133
12138
12139
12141
12143
12144
12145
12146
12149
12151
12152
12153
12154
12155
12156
12157
12158
12159
12160
12161
12164
12167
12169
12170
12173
12175
12177
12178
12179
12180
12182
12187
12188
12189
12190
12192
12193
12194
12197
12198
12199
12201
12203
12204
12205
12206
12207
12208
12209
12211
12212
12217
12218
12220
12221
12222
12225
12227
12229
12231
12233
12237
12239
12240
12241
12242
12243
12244
12246
12248
12249
12250
12251
12254
12256
12259
12261
12262
12265
12266
12270
12272
12274
12275
12278
12281
12285
12286
12287
12288
12289
12291
12292
12295
12296
12299
12300
12302
12303
12305
12306
12307
12308
12309
12310
12311
12313
12314
12315
12316
12317
12318
12321
12323
12324
12325
12327
12329
12330
12332
12333
12334
12335
12337
12338
12341
12344
12345
12346
12347
12348
12349
12351
12352
12355
12356
12358
12359
12360
12363
12364
12365
12366
12367
12369
12370
12372
12373
12374
12375
12376
12377
12378
12381
12382
12383
12384
12386
12387
12388
12390
12392
12395
12396
12397
12399
12400
12401
12405
12406
12407
12409
12410
12411
12414
12416
12417
12419
12420
12422
12423
12424
12425
12426
12428
12429
12430
12431
12433
12435
12437
12439
12440
12442
12443
12444
12445
12448
12449
12450
12452
12453
12454
12457
12458
12460
12461
12464
12469
12470
12471
12472
12474
12475
12476
12477
12478
12479
12480
12481
12483
12486
12487
12489
12490
12491
12492
12495
12496
12497
12498
12500
12503
12504
12505
12507
12509
12511
12512
12513
12514
12516
12517
12527
12528
12529
12533
12534
12535
12536
12538
12539
12541
12544
12546
12547
12548
12552
12554
12555
12556
12561
12564
12565
12567
12569
12572
12575
12576
12577
12578
12579
12581
12582
12583
12584
12585
12588
12589
12590
12591
12592
12593
12595
12596
12597
12598
12599
12601
12604
12606
12607
12610
12611
12613
12614
12615
12616
12617
12619
12620
12622
12623
12624
12625
12626
12627
12631
12633
12634
12636
12639
12641
12642
12644
12646
12647
12650
12653
12655
12656
12657
12659
12661
12662
12663
12664
12665
12667
12669
12670
12676
12677
12678
12682
12684
12686
12690
12693
12695
12696
12697
12699
12702
12703
12705
12706
12709
12710
12713
12715
12717
12718
12723
12724
12725
12726
12727
12728
12730
12732
12736
12737
12739
12740
12741
12744
12748
12750
12751
12752
12753
12756
12757
12759
12760
12761
12762
12763
12765
12767
12768
12769
12770
12772
12773
12774
12775
12776
12778
12779
12780
12781
12783
12785
12787
12788
12789
12790
12791
12793
12795
12798
12799
12800
12801
12803
12804
12808
12810
12811
12812
12813
12815
12818
12819
12820
12821
12824
12825
12826
12829
12831
12835
12836
12837
12839
12841
12842
12843
12844
12845
12847
12848
12852
12853
12854
12857
12858
12859
12861
12863
12865
12868
12872
12873
12874
12875
12878
12879
12880
12882
12883
12886
12887
12888
12889
12893
12894
12895
12896
12897
12899
12900
12902
12904
12905
12906
12912
12913
12914
12916
12918
12919
12920
12922
12923
12924
12926
12927
12928
12930
12931
12932
12938
12940
12941
12943
12944
12945
12946
12947
12950
12951
12952
12953
12955
12956
12957
12958
12959
12960
12962
12963
12965
12966
12967
12968
12969
12971
12972
12973
12974
12975
12976
12977
12978
12982
12983
12988
12989
12990
12992
12993
12994
12996
12997
12998
12999
13000
13005
13006
13007
13008
13009
13011
13015
13016
13017
13020
13021
13023
13024
13025
13026
13027
13030
13032
13033
13034
13035
13036
13037
13038
13040
13041
13042
13043
13045
13047
13048
13050
13052
13053
13057
13059
13060
13061
13062
13064
13065
13066
13067
13070
13071
13072
13073
13075
13080
13082
13084
13085
13088
13090
13091
13092
13094
13095
13097
13098
13099
13100
13101
13102
13105
13106
13109
13112
13115
13116
13117
13118
13120
13121
13123
13124
13125
13127
13128
13130
13131
13132
13133
13134
13135
13138
13139
13141
13142
13145
13148
13150
13154
13155
13156
13157
13158
13163
13164
13165
13167
13168
13170
13172
13174
13175
