0
3
4
6
7
9
11
12
13
14
15
17
18
19
20
22
23
24
26
27
28
29
30
31
32
33
34
35
38
41
42
44
48
49
50
52
54
55
56
57
58
60
61
62
63
64
65
66
67
68
73
74
75
79
80
81
82
83
86
87
88
89
90
91
93
94
95
96
97
98
102
104
107
108
109
110
112
113
114
115
116
118
119
120
121
123
124
126
127
128
129
130
131
132
135
136
137
139
140
141
142
144
146
147
148
150
152
154
157
158
159
160
161
163
164
165
166
167
168
169
170
171
172
173
174
175
177
178
179
180
182
183
185
186
187
188
189
190
191
193
194
195
198
200
204
205
206
207
208
210
211
212
213
214
215
216
217
219
220
221
222
223
225
226
227
228
229
230
231
232
234
236
237
238
239
240
241
242
243
245
247
248
250
251
254
255
258
259
260
262
266
267
268
269
271
273
274
275
276
277
278
280
281
282
284
285
286
288
289
290
292
293
294
297
300
302
303
305
306
308
309
310
311
313
314
316
317
318
319
321
323
324
325
326
327
328
330
331
332
334
335
336
337
338
339
341
342
344
345
347
348
349
350
351
352
354
355
356
357
358
360
362
363
366
367
368
369
370
371
372
373
374
375
376
377
378
379
380
381
382
383
385
386
387
388
390
392
394
396
398
399
400
401
402
404
405
406
407
408
412
413
414
416
417
418
420
422
423
425
426
427
428
429
432
435
436
438
439
440
441
442
443
444
446
447
448
449
451
452
453
454
455
460
461
462
463
464
466
467
468
469
470
471
472
474
476
477
479
480
481
482
483
484
485
487
489
490
492
493
494
495
496
497
498
501
502
503
504
505
506
507
509
511
512
515
516
517
518
519
524
525
526
527
530
531
532
534
537
539
540
541
542
543
544
545
546
547
552
555
557
559
563
564
565
566
567
568
569
570
572
573
575
577
578
579
580
581
582
584
586
587
588
591
592
593
597
598
601
603
605
607
608
609
611
612
613
614
615
616
617
620
624
625
626
627
628
629
630
631
632
633
634
635
636
637
638
640
641
642
643
647
648
649
650
651
652
653
656
657
658
659
660
661
662
663
664
665
666
668
670
671
673
677
679
681
682
683
684
685
686
692
696
699
701
703
704
707
708
709
710
713
718
720
723
724
734
737
740
744
745
746
748
749
751
752
753
754
757
759
760
764
768
769
770
771
772
773
774
776
780
782
785
787
789
790
791
796
798
799
801
802
805
806
807
808
810
811
814
816
817
818
819
820
821
822
824
825
826
827
828
830
831
832
833
834
836
837
838
841
847
848
849
850
851
856
857
858
859
861
862
863
864
865
869
871
872
873
874
876
877
878
879
881
885
887
891
893
894
896
898
900
905
906
907
910
911
912
913
915
917
918
920
923
924
926
927
929
933
938
944
945
946
948
949
950
951
952
954
955
957
958
961
963
965
966
968
969
970
973
978
979
981
984
985
986
987
991
992
993
996
997
998
1000
1003
1004
1005
1006
1007
1008
1009
1011
1012
1014
1017
1018
1019
1022
1023
1024
1025
1027
1028
1029
1032
1034
1035
1036
1037
1038
1039
1040
1041
1042
1044
1047
1048
1049
1050
1051
1052
1055
1056
1057
1058
1059
1060
1061
1062
1063
1064
1065
1067
1069
1070
1073
1074
1075
1077
1078
1079
1084
1085
1086
1088
1089
1091
1094
1095
1096
1097
1100
1102
1103
1104
1105
1107
1108
1109
1113
1114
1116
1117
1118
1120
1121
1122
1206
1207
1209
1210
1211
1212
1218
1219
1220
1221
1223
1224
1227
1228
1229
1230
1231
1233
1235
1236
1237
1238
1239
1240
1241
1242
1244
1247
1248
1249
1250
1254
1256
1258
1260
1263
1265
1267
1268
1270
1271
1272
1280
1282
1283
1285
1286
1287
1289
1291
1292
1293
1295
1298
1299
1300
1302
1303
1304
1305
1307
1310
1312
1313
1314
1315
1316
1317
1319
1320
1322
1323
1324
1325
1327
1328
1330
1331
1332
1334
1335
1336
1338
1339
1343
1344
1345
1346
1347
1348
1349
1350
1351
1352
1353
1355
1357
1359
1361
1362
1365
1366
1368
1369
1370
1371
1372
1376
1378
1379
1380
1382
1384
1385
1386
1387
1390
1391
1392
1393
1394
1397
1398
1401
1403
1404
1406
1408
1409
1410
1411
1412
1413
1414
1415
1416
1417
1418
1419
1420
1421
1424
1425
1429
1430
1431
1432
1434
1435
1437
1438
1439
1440
1443
1444
1445
1446
1449
1450
1452
1454
1455
1456
1460
1462
1463
1467
1469
1470
1471
1472
1477
1479
1480
1481
1482
1485
1486
1487
1488
1489
1490
1493
1494
1495
1496
1500
1502
1505
1509
1510
1514
1518
1520
1523
1525
1526
1529
1534
1535
1543
1544
1545
1546
1557
1558
1560
1565
1566
1568
1576
1579
1581
1592
1596
1597
1598
1599
1605
1610
1613
1615
1618
1621
1624
1626
1630
1633
1634
1635
1636
1637
1638
1639
1640
1642
1643
1644
1645
1647
1649
1653
1657
1660
1661
1662
1663
1665
1666
1667
1668
1669
1670
1671
1672
1673
1674
1675
1677
1678
1679
1683
1684
1685
1686
1687
1690
1691
1692
1693
1695
1696
1697
1698
1701
1704
1712
1714
1715
1717
1719
1721
1722
1723
1726
1730
1731
1733
1736
1737
1738
1739
1740
1743
1744
1746
1750
1751
1752
1753
1755
1756
1757
1759
1760
1761
1762
1763
1766
1767
1768
1769
1770
1772
1773
1774
1776
1777
1778
1779
1780
1781
1782
1783
1784
1785
1786
1788
1790
1793
1794
1795
1796
1798
1800
1801
1803
1806
1808
1810
1812
1813
1815
1816
1817
1819
1820
1821
1825
1826
1827
1829
1833
1835
1836
1837
1838
1839
1840
1841
1842
1843
1844
1845
1846
1847
1848
1849
1850
1851
1852
1853
1854
1855
1856
1857
1859
1860
1861
1862
1863
1864
1865
1866
1867
1869
1872
1876
1877
1878
1879
1880
1882
1883
1887
1888
1889
1890
1895
1896
1900
1901
1903
1904
1907
1909
1910
1911
1912
1913
1914
1915
1918
1920
1922
1924
1925
1926
1927
1929
1931
1932
1933
1934
1935
1936
1937
1938
1940
1941
1943
1944
1948
1949
1950
1951
1954
1958
1959
1962
1964
1966
1967
1970
1971
1974
1975
1977
1978
1981
1983
1984
1985
1986
1987
1989
1990
1992
1993
1994
1996
1998
1999
2000
2002
2004
2005
2007
2008
2009
2010
2011
2013
2014
2015
2016
2021
2022
2023
2025
2027
2029
2030
2031
2033
2034
2035
2038
2040
2041
2042
2043
2044
2045
2047
2048
2049
2053
2054
2056
2058
2059
2060
2063
2064
2065
2066
2067
2068
2069
2070
2073
2075
2077
2081
2082
2084
2085
2086
2087
2088
2089
2090
2091
2092
2098
2099
2100
2101
2102
2103
2105
2107
2108
2109
2112
2113
2114
2115
2117
2118
2121
2124
2125
2126
2127
2128
2129
2130
2131
2132
2133
2135
2136
2137
2138
2140
2141
2142
2143
2144
2145
2146
2147
2148
2149
2150
2152
2153
2155
2156
2157
2159
2160
2161
2162
2164
2167
2170
2172
2173
2175
2177
2178
2179
2180
2182
2184
2186
2187
2188
2189
2190
2191
2192
2193
2195
2197
2198
2199
2201
2204
2205
2206
2207
2208
2209
2211
2213
2215
2216
2219
2220
2221
2222
2224
2225
2226
2227
2228
2229
2230
2231
2232
2233
2234
2235
2237
2239
2240
2241
2244
2246
2248
2249
2250
2251
2253
2254
2255
2259
2260
2261
2262
2265
2267
2270
2272
2273
2274
2276
2277
2278
2279
2280
2281
2283
2284
2286
2287
2288
2289
2290
2291
2293
2294
2295
2296
2298
2299
2304
2307
2309
2311
2312
2313
2314
2315
2317
2319
2320
2323
2324
2325
2326
2327
2328
2331
2334
2335
2336
2338
2339
2340
2342
2345
2346
2347
2351
2352
2353
2356
2358
2359
2360
2362
2367
2369
2370
2372
2373
2374
2376
2377
2378
2379
2380
2381
2382
2383
2384
2385
2387
2388
2389
2392
2393
2394
2396
2397
2401
2402
2403
2404
2405
2406
2408
2409
2411
2412
2413
2414
2415
2416
2417
2418
2420
2421
2422
2424
2425
2426
2427
2428
2429
2431
2432
2433
2435
2436
2438
2439
2442
2443
2444
2445
2446
2447
2449
2452
2455
2456
2457
2458
2459
2461
2462
2463
2464
2465
2466
2468
2469
2470
2471
2472
2473
2474
2476
2477
2478
2479
2480
2481
2482
2483
2484
2485
2487
2489
2490
2491
2492
2493
2494
2495
2497
2498
2499
2500
2501
2502
2503
2505
2506
2507
2508
2510
2513
2514
2515
2517
2518
2519
2520
2521
2523
2524
2525
2526
2527
2528
2529
2532
2533
2537
2538
2539
2540
2541
2542
2543
2544
2548
2549
2550
2551
2553
2554
2556
2558
2560
2561
2563
2564
2566
2568
2569
2570
2577
2578
2579
2580
2582
2584
2586
2587
2588
2589
2590
2591
2592
2593
2594
2595
2596
2597
2599
2600
2602
2603
2604
2605
2606
2607
2608
2609
2610
2611
2612
2613
2614
2615
2616
2617
2619
2620
2621
2622
2623
2625
2626
2627
2630
2632
2633
2634
2635
2637
2638
2639
2640
2641
2642
2643
2644
2648
2649
2651
2654
2655
2656
2657
2658
2659
2660
2661
2663
2665
2666
2668
2670
2671
2672
2673
2674
2675
2676
2677
2678
2679
2680
2682
2688
2690
2691
2692
2694
2695
2696
2697
2698
2699
2700
2701
2702
2704
2706
2710
2711
2712
2714
2715
2716
2717
2719
2720
2721
2722
2724
2725
2726
2727
2728
2730
2733
2734
2736
2737
2739
2740
2741
2742
2743
2744
2745
2746
2747
2748
2750
2751
2752
2755
2756
2757
2758
2759
2760
2763
2764
2769
2771
2772
2775
2776
2778
2779
2780
2781
2782
2783
2784
2787
2788
2789
2790
2791
2792
2793
2794
2795
2797
2798
2799
2802
2803
2805
2806
2809
2812
2814
2815
2816
2819
2820
2822
2823
2824
2826
2827
2828
2829
2831
2834
2835
2836
2837
2838
2840
2841
2843
2844
2845
2846
2847
2848
2849
2850
2851
2852
2853
2855
2856
2857
2859
2861
2863
2865
2866
2867
2868
2870
2871
2873
2874
2875
2876
2877
2878
2879
2881
2885
2887
2888
2889
2890
2891
2892
2893
2894
2896
2897
2898
2899
2901
2902
2904
2906
2911
2914
2915
2916
2917
2920
2921
2923
2927
2929
2930
2931
2934
2936
2937
2939
2940
2942
2943
2944
2945
2947
2948
2949
2950
2951
2952
2953
2954
2955
2956
2958
2959
2960
2961
2962
2963
2964
2965
2966
2967
2968
2969
2970
2972
2974
2975
2976
2978
2979
2980
2981
2982
2983
2984
2985
2986
2987
2989
2991
2992
2993
2996
2999
3000
3001
3002
3003
3004
3005
3008
3010
3011
3012
3013
3014
3016
3017
3018
3020
3022
3023
3032
3034
3035
3037
3041
3042
3043
3044
3047
3048
3049
3050
3052
3053
3054
3055
3056
3057
3058
3060
3061
3062
3063
3064
3067
3068
3069
3072
3073
3074
3076
3078
3079
3081
3082
3083
3084
3085
3086
3087
3088
3089
3091
3092
3093
3094
3095
3096
3097
3098
3099
3100
3102
3103
3104
3106
3108
3109
3111
3114
3115
3116
3118
3119
3121
3125
3126
3127
3128
3129
3131
3134
3135
3136
3137
3138
3139
3140
3141
3143
3144
3147
3149
3151
3152
3154
3155
3156
3158
3159
3161
3163
3164
3165
3171
3172
3174
3176
3177
3179
3180
3181
3182
3187
3188
3189
3190
3191
3192
3193
3194
3195
3196
3197
3199
3202
3206
3207
3208
3209
3210
3211
3212
3213
3214
3216
3218
3219
3220
3221
3222
3223
3224
3225
3226
3227
3228
3229
3230
3231
3233
3234
3235
3236
3238
3239
3240
3241
3243
3244
3245
3246
3247
3248
3249
3252
3253
3255
3258
3259
3262
3263
3265
3266
3267
3268
3269
3270
3271
3272
3275
3276
3277
3278
3279
3281
3284
3285
3286
3287
3288
3290
3291
3299
3300
3301
3304
3306
3311
3315
3316
3318
3319
3321
3322
3323
3324
3325
3326
3327
3328
3329
3330
3332
3333
3334
3335
3336
3338
3339
3341
3343
3345
3347
3348
3349
3350
3352
3354
3356
3357
3358
3361
3362
3364
3365
3366
3367
3368
3371
3372
3373
3375
3376
3377
3378
3382
3383
3384
3385
3386
3387
3388
3389
3391
3392
3393
3394
3395
3396
3397
3400
3401
3402
3403
3404
3405
3406
3407
3408
3412
3413
3415
3417
3418
3420
3421
3422
3423
3425
3426
3428
3429
3430
3431
3432
3434
3436
3440
3441
3443
3444
3445
3446
3447
3449
3450
3451
3452
3453
3454
3455
3456
3457
3461
3462
3463
3464
3467
3468
3470
3471
3472
3473
3474
3475
3476
3478
3479
3482
3485
3486
3490
3492
3493
3495
3501
3504
3505
3507
3508
3509
3510
3511
3512
3513
3515
3516
3517
3518
3519
3520
3523
3524
3525
3529
3530
3531
3532
3533
3534
3535
3536
3538
3539
3540
3541
3543
3545
3546
3547
3548
3549
3550
3551
3552
3553
3554
3555
3556
3557
3558
3559
3560
3561
3562
3563
3564
3565
3566
3567
3568
3569
3570
3572
3573
3574
3575
3576
3577
3578
3579
3581
3582
3583
3586
3587
3589
3590
3592
3596
3599
3600
3601
3603
3604
3605
3607
3608
3609
3612
3613
3614
3615
3616
3618
3619
3623
3624
3627
3628
3629
3632
3633
3634
3635
3637
3640
3642
3646
3647
3648
3654
3655
3657
3659
3661
3662
3663
3664
3665
3666
3667
3668
3669
3672
3673
3675
3676
3677
3678
3679
3680
3681
3682
3683
3684
3685
3687
3689
3690
3693
3698
3701
3703
3704
3705
3706
3707
3709
3710
3712
3715
3717
3718
3719
3721
3722
3723
3724
3725
3726
3728
3729
3731
3733
3735
3736
3737
3740
3741
3742
3744
3745
3746
3747
3748
3750
3753
3757
3758
3759
3760
3761
3762
3764
3770
3771
3772
3774
3775
3776
3777
3778
3779
3780
3781
3782
3783
3784
3785
3787
3788
3789
3790
3791
3794
3798
3799
3800
3801
3803
3805
3806
3807
3808
3809
3810
3812
3813
3815
3816
3818
3820
3823
3824
3827
3829
3830
3831
3832
3836
3837
3838
3839
3843
3844
3848
3849
3850
3851
3852
3853
3854
3856
3858
3862
3863
3864
3865
3867
3868
3871
3872
3874
3875
3876
3878
3879
3880
3881
3883
3885
3886
3889
3890
3891
3892
3893
3894
3896
3897
3899
3900
3902
3904
3905
3906
3907
3908
3909
3910
3911
3912
3913
3914
3915
3916
3920
3921
3924
3925
3926
3927
3928
3929
3930
3931
3933
3934
3935
3940
3941
3942
3943
3947
3949
3951
3955
3956
3957
3958
3959
3960
3961
3962
3964
3965
3966
3967
3970
3971
3972
3973
3975
3976
3977
3979
3980
3981
3982
3985
3986
3987
3989
3992
3993
3994
3997
3998
3999
4000
4001
4002
4003
4004
4006
4008
4010
4011
4012
4015
4016
4018
4020
4027
4029
4030
4034
4035
4036
4037
4038
4039
4040
4041
4046
4047
4048
4049
4050
4051
4052
4053
4054
4056
4057
4059
4060
4062
4064
4065
4066
4067
4068
4069
4071
4073
4074
4075
4076
4077
4078
4079
4080
4082
4083
4086
4088
4089
4092
4094
4095
4096
4099
4100
4101
4103
4104
4105
4106
4109
4110
4116
4118
4119
4120
4123
4124
4125
4127
4130
4133
4134
4137
4139
4140
4141
4143
4145
4146
4147
4148
4149
4150
4151
4153
4154
4155
4156
4157
4158
4159
4160
4161
4162
4164
4165
4166
4167
4170
4171
4172
4173
4174
4175
4177
4178
4179
4181
4182
4183
4184
4185
4188
4189
4191
4192
4193
4194
4196
4198
4203
4205
4206
4207
4208
4209
4212
4215
4216
4217
4218
4219
4220
4221
4222
4223
4224
4225
4228
4229
4230
4234
4236
4237
4238
4239
4241
4242
4244
4247
4248
4249
4250
4252
4253
4256
4257
4258
4260
4261
4265
4267
4268
4270
4271
4272
4273
4274
4275
4276
4279
4280
4283
4284
4287
4288
4289
4290
4291
4292
4295
4296
4298
4300
4301
4302
4303
4304
4305
4306
4307
4311
4314
4317
4318
4319
4320
4322
4323
4324
4325
4328
4329
4330
4331
4333
4334
4335
4337
4338
4339
4342
4344
4345
4347
4348
4349
4351
4352
4353
4354
4355
4357
4359
4360
4361
4363
4366
4368
4369
4370
4371
4374
4376
4377
4378
4379
4380
4381
4384
4385
4387
4388
4389
4390
4391
4394
4395
4396
4398
4399
4401
4403
4404
4406
4407
4410
4411
4412
4414
4415
4416
4417
4418
4419
4420
4421
4422
4425
4426
4427
4428
4429
4430
4432
4433
4434
4436
4437
4439
4440
4441
4442
4443
4444
4445
4446
4448
4449
4450
4452
4453
4454
4455
4456
4458
4459
4460
4461
4462
4463
4464
4465
4466
4468
4471
4475
4476
4477
4478
4479
4480
4481
4482
4483
4484
4485
4487
4488
4489
4490
4491
4494
4495
4497
4498
4499
4502
4503
4504
4507
4508
4509
4510
4511
4512
4513
4514
4515
4516
4517
4518
4520
4521
4522
4523
4524
4525
4527
4528
4529
4530
4531
4532
4534
4536
4537
4538
4539
4541
4543
4545
4546
4547
4548
4549
4553
4554
4556
4557
4558
4559
4560
4561
4562
4564
4565
4566
4568
4569
4571
4572
4573
4574
4575
4576
4577
4579
4581
4582
4583
4584
4586
4587
4589
4590
4591
4592
4593
4594
4595
4596
4597
4598
4600
4601
4603
4604
4606
4608
4609
4611
4612
4613
4614
4616
4617
4618
4620
4621
4623
4624
4625
4626
4627
4628
4629
4630
4631
4633
4634
4636
4637
4639
4640
4641
4642
4643
4644
4645
4646
4647
4648
4652
4653
4654
4656
4661
4662
4663
4664
4665
4666
4670
4671
4673
4681
4684
4685
4686
4688
4689
4691
4692
4694
4696
4698
4699
4701
4702
4703
4705
4706
4707
4708
4709
4710
4711
4712
4714
4716
4718
4719
4720
4722
4723
4724
4726
4727
4728
4731
4733
4735
4736
4737
4740
4741
4742
4743
4746
4747
4748
4749
4750
4752
4753
4754
4757
4758
4760
4761
4764
4765
4766
4768
4769
4770
4771
4772
4773
4774
4775
4776
4777
4778
4779
4780
4781
4782
4783
4784
4786
4787
4790
4793
4794
4797
4798
4800
4801
4802
4805
4806
4810
4814
4815
4817
4819
4820
4821
4827
4838
4839
4843
4844
4845
4851
4852
4859
4860
4862
4863
4864
4866
4867
4868
4869
4870
4872
4873
4874
4875
4876
4877
4879
4880
4882
4884
4887
4888
4889
4890
4892
4893
4894
4895
4896
4897
4898
4899
4900
4901
4902
4903
4905
4906
4907
4908
4909
4911
4912
4915
4917
4918
4919
4920
4921
4922
4923
4924
4925
4926
4929
4930
4931
4932
4933
4938
4940
4943
4944
4945
4950
4952
4955
4957
4959
4962
4963
4964
4965
4966
4968
4969
4970
4982
4983
4984
4988
4989
4990
4992
4994
4995
4998
5000
5002
5005
5007
5009
5010
5011
5012
5014
5015
5017
5018
5019
5020
5021
5022
5023
5025
5026
5028
5029
5030
5032
5034
5035
5036
5038
5039
5040
5042
5043
5044
5045
5047
5048
5049
5050
5051
5053
5055
5056
5057
5059
5061
5062
5063
5064
5066
5068
5070
5071
5072
5073
5074
5075
5076
5077
5078
5079
5080
5081
5082
5083
5084
5085
5086
5087
5088
5092
5097
5098
5100
5101
5102
5104
5108
5109
5110
5111
5112
5114
5115
5116
5117
5118
5119
5122
5123
5124
5125
5126
5127
5128
5131
5132
5133
5135
5136
5138
5139
5141
5151
5152
5153
5156
5157
5158
5159
5162
5163
5165
5167
5169
5170
5171
5173
5174
5175
5180
5181
5182
5183
5184
5186
5190
5191
5195
5197
5200
5203
5205
5209
5210
5211
5212
5217
5219
5221
5222
5223
5229
5230
5232
5233
5234
5235
5236
5237
5240
5242
5243
5244
5245
5246
5249
5251
5254
5255
5257
5258
5259
5260
5262
5263
5265
5266
5267
5268
5269
5270
5271
5273
5274
5275
5276
5280
5281
5282
5283
5284
5285
5286
5288
5290
5293
5298
5299
5300
5301
5302
5303
5304
5307
5308
5309
5311
5313
5314
5315
5316
5317
5318
5319
5320
5322
5323
5324
5325
5327
5328
5331
5332
5333
5334
5335
5337
5338
5339
5340
5341
5343
5344
5345
5346
5347
5348
5349
5351
5352
5353
5354
5355
5357
5359
5360
5361
5364
5365
5367
5368
5369
5373
5374
5375
5377
5378
5381
5383
5384
5386
5391
5392
5393
5394
5395
5396
5398
5401
5402
5403
5404
5405
5406
5407
5409
5410
5411
5412
5413
5415
5416
5417
5418
5419
5421
5422
5423
5424
5426
5427
5428
5431
5432
5435
5437
5438
5439
5440
5441
5442
5444
5446
5447
5448
5449
5450
5451
5452
5456
5457
5461
5462
5463
5464
5466
5469
5471
5472
5473
5474
5475
5476
5477
5478
5479
5480
5481
5483
5484
5486
5487
5488
5489
5491
5493
5496
5497
5499
5500
5505
5508
5509
5510
5511
5512
5513
5514
5517
5519
5520
5521
5522
5523
5525
5526
5527
5528
5529
5530
5531
5532
5533
5534
5535
5536
5538
5539
5541
5542
5543
5544
5545
5547
5549
5550
5551
5552
5553
5554
5555
5557
5558
5559
5560
5561
5562
5563
5564
5565
5567
5569
5571
5572
5574
5575
5576
5577
5578
5579
5580
5582
5583
5584
5585
5588
5589
5592
5593
5595
5597
5598
5601
5602
5605
5606
5607
5609
5612
5613
5614
5615
5616
5617
5619
5620
5625
5627
5629
5630
5631
5634
5636
5638
5639
5642
5643
5644
5645
5648
5649
5650
5651
5652
5655
5656
5660
5664
5669
5670
5673
5674
5675
5678
5679
5680
5681
5682
5683
5685
5686
5687
5689
5690
5693
5694
5697
5698
5700
5701
5702
5704
5705
5706
5707
5708
5710
5713
5718
5719
5720
5721
5722
5723
5726
5728
5729
5730
5731
5732
5733
5734
5735
5738
5744
5746
5747
5750
5751
5755
5756
5757
5759
5760
5761
5762
5765
5766
5767
5768
5771
5773
5774
5775
5776
5777
5778
5779
5780
5782
5785
5788
5789
5790
5792
5793
5795
5799
5801
5802
5803
5804
5805
5809
5811
5812
5813
5814
5815
5817
5819
5822
5823
5825
5826
5829
5830
5833
5834
5835
5836
5838
5839
5841
5842
5846
5848
5849
5850
5853
5854
5855
5856
5858
5862
5865
5867
5868
5870
5873
5874
5875
5878
5881
5883
5885
5888
5889
5890
5891
5892
5893
5894
5896
5898
5899
5900
5901
5903
5905
5906
5907
5911
5912
5913
5916
5917
5919
5921
5923
5926
5929
5930
5931
5932
5935
5938
5939
5941
5942
5945
5947
5952
5954
5955
5956
5957
5960
5962
5964
5965
5967
5968
5970
5971
5972
5973
5974
5975
5977
5978
5979
5980
5981
5982
5983
5984
5986
5990
5991
5993
5994
5995
5997
5999
6000
6001
6002
6003
6006
6008
6009
6011
6013
6014
6015
6016
6017
6018
6019
6021
6023
6026
6027
6028
6029
6030
6031
6034
6035
6038
6039
6040
6042
6043
6046
6047
6048
6049
6050
6051
6052
6054
6055
6058
6059
6060
6061
6062
6063
6065
6066
6068
6069
6070
6071
6073
6074
6075
6076
6079
6080
6081
6082
6083
6084
6086
6088
6089
6090
6091
6092
6093
6096
6097
6098
6099
6100
6101
6102
6103
6104
6105
6106
6107
6108
6110
6111
6113
6114
6115
6116
6118
6119
6120
6122
6124
6126
6128
6129
6130
6132
6133
6134
6136
6137
6138
6139
6142
6144
6145
6147
6148
6150
6151
6152
6153
6154
6158
6159
6161
6163
6164
6167
6169
6170
6171
6172
6174
6175
6178
6179
6180
6181
6182
6183
6184
6187
6188
6189
6191
6194
6196
6197
6200
6201
6202
6203
6204
6205
6207
6208
6209
6210
6212
6213
6214
6215
6216
6217
6219
6220
6221
6224
6225
6226
6227
6228
6229
6230
6231
6232
6233
6235
6237
6239
6240
6242
6243
6244
6246
6247
6248
6249
6250
6252
6253
6254
6255
6259
6261
6264
6267
6268
6269
6270
6271
6272
6273
6275
6277
6279
6280
6281
6282
6283
6284
6286
6289
6290
6291
6293
6295
6299
6300
6301
6302
6303
6305
6306
6307
6309
6310
6311
6312
6313
6314
6316
6317
6319
6320
6322
6324
6325
6327
6328
6330
6331
6332
6335
6337
6339
6340
6341
6343
6344
6345
6347
6348
6349
6350
6351
6352
6353
6354
6355
6358
6361
6362
6363
6364
6367
6370
6372
6373
6374
6375
6376
6379
6380
6381
6382
6385
6386
6387
6388
6390
6393
6396
6397
6398
6399
6400
6401
6402
6403
6404
6406
6407
6409
6413
6414
6418
6419
6420
6422
6424
6427
6428
6429
6430
6431
6432
6433
6435
6436
6437
6440
6442
6444
6445
6446
6448
6449
6450
6452
6453
6455
6456
6457
6459
6460
6461
6463
6465
6468
6469
6471
6472
6474
6475
6476
6477
6478
6479
6482
6483
6484
6485
6488
6489
6490
6491
6494
6495
6497
6499
6500
6501
6502
6503
6504
6505
6509
6510
6511
6513
6515
6516
6518
6519
6520
6521
6522
6524
6525
6526
6527
6530
6531
6532
6536
6537
6539
6540
6541
6543
6544
6546
6550
6551
6552
6553
6555
6556
6557
6558
6560
6561
6562
6564
6566
6567
6569
6570
6571
6573
6575
6577
6579
6580
6583
6584
6585
6591
6592
6595
6596
6597
6598
6599
6600
6601
6602
6603
6605
6606
6607
6608
6609
6611
6612
6614
6616
6617
6619
6621
6622
6625
6626
6627
6629
6631
6632
6633
6634
6636
6637
6638
6639
6640
6642
6644
6649
6650
6651
6652
6654
6656
6657
6659
6660
6661
6662
6663
6664
6665
6666
6667
6668
6670
6671
6672
6674
6675
6676
6677
6678
6679
6681
6683
6684
6687
6688
6691
6693
6694
6696
6700
6701
6703
6706
6707
6708
6718
6719
6720
6721
6726
6727
6731
6732
6736
6737
6738
6739
6741
6742
6743
6744
6745
6746
6747
6751
6752
6753
6754
6755
6756
6757
6759
6760
6761
6762
6763
6764
6765
6768
6770
6772
6774
6775
6776
6778
6779
6780
6783
6784
6785
6786
6787
6788
6790
6791
6793
6794
6795
6796
6797
6798
6800
6803
6804
6805
6806
6808
6809
6812
6816
6817
6820
6821
6822
6824
6826
6827
6828
6831
6833
6834
6835
6836
6840
6842
6843
6844
6845
6847
6848
6849
6850
6851
6852
6854
6855
6858
6861
6862
6864
6865
6866
6867
6868
6870
6873
6876
6877
6878
6880
6881
6883
6884
6887
6888
6889
6890
6891
6894
6895
6896
6897
6898
6899
6900
6903
6905
6906
6907
6908
6909
6911
6912
6914
6915
6916
6917
6919
6920
6922
6925
6927
6928
6930
6932
6933
6934
6935
6936
6938
6939
6941
6942
6943
6944
6947
6948
6949
6951
6953
6954
6955
6956
6959
6960
6961
6962
6964
6966
6967
6969
6970
6971
6974
6975
6976
6977
6978
6979
6980
6981
6983
6985
6987
6988
6992
6994
6995
6996
6998
6999
7000
7002
7003
7006
7008
7009
7010
7013
7014
7018
7019
7020
7023
7024
7025
7027
7028
7032
7033
7035
7036
7040
7041
7045
7049
7051
7054
7055
7056
7058
7059
7060
7062
7066
7069
7071
7072
7074
7075
7076
7077
7078
7079
7080
7083
7084
7085
7086
7088
7089
7091
7092
7093
7094
7095
7097
7100
7101
7102
7103
7104
7107
7108
7111
7112
7114
7115
7116
7119
7120
7124
7125
7126
7127
7128
7129
7130
7132
7133
7135
7136
7137
7138
7142
7143
7144
7145
7146
7149
7151
7152
7155
7156
7158
7159
7161
7163
7164
7165
7166
7167
7168
7169
7170
7173
7174
7175
7176
7179
7183
7185
7189
7190
7193
7194
7195
7196
7197
7199
7200
7201
7202
7203
7206
7208
7209
7212
7214
7215
7219
7220
7222
7224
7228
7229
7232
7234
7235
7237
7238
7240
7241
7242
7243
7244
7245
7247
7249
7250
7253
7255
7256
7259
7260
7261
7262
7263
7266
7268
7269
7270
7271
7272
7276
7277
7278
7279
7280
7281
7282
7285
7286
7288
7289
7290
7292
7296
7297
7299
7302
7303
7304
7305
7306
7308
7309
7310
7311
7312
7313
7314
7315
7316
7317
7319
7320
7321
7326
7327
7328
7329
7330
7331
7333
7334
7336
7337
7338
7339
7340
7344
7346
7350
7352
7353
7354
7355
7356
7357
7358
7363
7366
7367
7369
7372
7374
7376
7377
7378
7380
7381
7382
7383
7384
7385
7386
7387
7388
7390
7391
7392
7393
7394
7395
7396
7397
7401
7402
7404
7405
7406
7409
7410
7412
7413
7414
7415
7416
7419
7422
7424
7425
7427
7428
7430
7431
7432
7433
7434
7435
7436
7437
7438
7440
7441
7442
7443
7444
7445
7446
7447
7448
7449
7450
7451
7452
7453
7455
7456
7458
7459
7460
7461
7462
7467
7468
7469
7471
7472
7473
7474
7475
7476
7479
7480
7482
7485
7486
7489
7490
7491
7492
7493
7494
7495
7496
7497
7498
7499
7501
7502
7504
7506
7509
7510
7513
7514
7515
7516
7518
7519
7520
7521
7522
7523
7524
7526
7527
7528
7531
7532
7534
7535
7536
7537
7538
7539
7540
7541
7542
7543
7544
7545
7548
7549
7550
7551
7552
7553
7554
7555
7556
7557
7559
7560
7561
7565
7566
7568
7569
7570
7571
7572
7573
7576
7578
7579
7580
7582
7584
7585
7586
7587
7588
7589
7590
7591
7593
7596
7597
7598
7599
7601
7602
7603
7604
7605
7607
7608
7610
7612
7613
7615
7616
7617
7620
7621
7624
7625
7629
7630
7631
7635
7637
7639
7641
7643
7644
7646
7647
7649
7650
7651
7652
7654
7655
7656
7657
7658
7661
7664
7665
7666
7669
7670
7673
7674
7677
7678
7680
7681
7684
7685
7689
7690
7691
7693
7694
7697
7698
7699
7700
7702
7703
7706
7707
7708
7709
7711
7714
7715
7716
7718
7721
7722
7723
7724
7725
7726
7728
7730
7732
7733
7735
7736
7738
7739
7740
7741
7742
7743
7744
7748
7749
7750
7751
7752
7755
7756
7757
7758
7760
7761
7763
7764
7765
7767
7771
7772
7773
7775
7776
7778
7779
7780
7783
7785
7786
7787
7789
7790
7791
7792
7794
7795
7796
7798
7800
7801
7802
7803
7804
7805
7806
7807
7808
7809
7810
7811
7812
7814
7816
7817
7818
7819
7821
7822
7824
7827
7830
7831
7832
7833
7836
7837
7838
7839
7840
7841
7842
7843
7844
7845
7846
7847
7848
7849
7850
7853
7854
7856
7857
7858
7862
7863
7864
7865
7866
7868
7869
7870
7871
7872
7873
7874
7875
7876
7879
7882
7884
7885
7886
7888
7889
7890
7892
7893
7894
7895
7896
7898
7899
7900
7904
7905
7906
7907
7910
7911
7914
7915
7916
7917
7919
7920
7921
7922
7924
7925
7927
7929
7930
7931
7932
7934
7935
7936
7937
7938
7939
7940
7941
7943
7947
7948
7949
7951
7953
7954
7956
7957
7959
7960
7961
7963
7966
7968
7969
7971
7973
7975
7976
7977
7979
7981
7984
7986
7988
7993
7994
7995
7997
7998
7999
8000
8001
8003
8004
8005
8007
8010
8012
8013
8015
8016
8017
8018
8020
8022
8023
8024
8025
8026
8027
8028
8030
8031
8036
8039
8040
8042
8043
8044
8045
8046
8047
8049
8050
8055
8059
8060
8061
8062
8064
8067
8069
8070
8071
8072
8076
8077
8078
8079
8080
8081
8082
8083
8086
8087
8088
8092
8094
8096
8097
8098
8100
8102
8103
8107
8108
8109
8110
8112
8113
8114
8115
8116
8118
8119
8120
8121
8122
8123
8126
8127
8128
8130
8131
8132
8133
8135
8137
8139
8141
8143
8144
8146
8147
8149
8150
8151
8152
8154
8155
8157
8158
8159
8160
8161
8162
8164
8165
8166
8168
8170
8171
8172
8174
8175
8178
8180
8181
8182
8183
8184
8185
8187
8188
8189
8190
8192
8193
8194
8197
8198
8201
8204
8205
8206
8207
8208
8209
8210
8211
8212
8216
8217
8218
8222
8224
8225
8228
8230
8231
8232
8233
8234
8235
8236
8237
8239
8240
8243
8244
8245
8246
8249
8250
8254
8255
8256
8257
8258
8259
8260
8261
8262
8263
8265
8267
8268
8269
8270
8271
8273
8274
8275
8276
8277
8278
8279
8280
8281
8283
8284
8285
8286
8287
8288
8289
8290
8291
8292
8294
8295
8296
8297
8298
8300
8301
8302
8304
8305
8309
8310
8313
8315
8316
8317
8320
8321
8323
8324
8325
8328
8331
8333
8334
8335
8336
8337
8338
8339
8340
8341
8342
8344
8345
8347
8348
8349
8350
8351
8352
8356
8357
8359
8360
8362
8363
8364
8365
8366
8368
8372
8373
8374
8375
8376
8377
8378
8379
8384
8386
8387
8388
8389
8391
8392
8393
8394
8395
8397
8398
8399
8400
8402
8403
8404
8406
8408
8409
8410
8411
8412
8413
8415
8416
8417
8418
8420
8422
8425
8428
8429
8430
8431
8432
8433
8434
8435
8438
8439
8443
8444
8446
8448
8450
8451
8452
8455
8458
8459
8460
8461
8462
8463
8464
8467
8468
8469
8470
8472
8473
8474
8475
8477
8480
8482
8483
8484
8485
8486
8487
8489
8490
8491
8494
8495
8496
8498
8499
8500
8501
8503
8504
8507
8509
8510
8512
8513
8514
8515
8517
8520
8521
8522
8524
8525
8526
8528
8529
8532
8533
8536
8538
8539
8540
8542
8544
8547
8548
8551
8552
8556
8557
8559
8560
8561
8563
8564
8565
8566
8567
8568
8571
8573
8575
8576
8577
8578
8580
8581
8583
8584
8585
8586
8587
8588
8590
8591
8593
8594
8595
8596
8597
8598
8600
8601
8603
8604
8605
8606
8607
8610
8611
8613
8615
8616
8617
8618
8619
8620
8621
8623
8626
8629
8630
8631
8632
8633
8635
8636
8638
8639
8641
8642
8643
8644
8645
8646
8649
8650
8651
8653
8655
8656
8657
8658
8659
8660
8661
8663
8665
8669
8671
8672
8673
8675
8677
8678
8679
8681
8682
8683
8684
8685
8688
8690
8691
8693
8696
8697
8698
8701
8702
8703
8704
8705
8706
8708
8709
8710
8711
8714
8715
8716
8717
8718
8720
8722
8723
8725
8726
8729
8730
8731
8732
8733
8734
8736
8737
8738
8739
8740
8741
8742
8743
8744
8745
8746
8748
8751
8753
8754
8755
8756
8757
8759
8760
8761
8762
8763
8764
8765
8766
8767
8768
8769
8771
8772
8773
8774
8775
8776
8778
8779
8780
8781
8782
8783
8785
8786
8787
8788
8790
8791
8793
8794
8795
8797
8798
8800
8801
8802
8806
8810
8811
8812
8813
8814
8815
8817
8818
8820
8821
8823
8826
8830
8831
8835
8836
8837
8840
8841
8844
8845
8846
8848
8851
8852
8853
8854
8856
8859
8860
8862
8863
8865
8866
8867
8868
8869
8871
8872
8874
8878
8879
8880
8881
8882
8883
8885
8886
8887
8888
8890
8891
8892
8893
8894
8896
8897
8898
8899
8900
8901
8903
8904
8905
8906
8908
8909
8910
8916
8917
8918
8919
8921
8922
8923
8924
8925
8927
8929
8930
8932
8934
8935
8937
8939
8942
8946
8947
8948
8949
8950
8951
8953
8954
8955
8956
8957
8958
8959
8960
8961
8962
8963
8964
8965
8967
8968
8969
8970
8971
8972
8973
8974
8975
8976
8978
8979
8982
8983
8988
8989
8990
8991
8992
8993
8995
8996
8999
9000
9001
9002
9003
9004
9005
9007
9010
9012
9014
9015
9016
9017
9019
9021
9022
9023
9024
9025
9026
9027
9028
9032
9034
9035
9037
9038
9039
9040
9042
9043
9046
9047
9048
9049
9050
9051
9052
9058
9060
9061
9062
9063
9065
9066
9067
9068
9071
9072
9074
9075
9078
9080
9081
9082
9083
9084
9085
9087
9089
9090
9091
9092
9093
9095
9096
9097
9099
9100
9102
9103
9104
9105
9106
9107
9108
9112
9113
9114
9115
9116
9118
9119
9121
9123
9124
9125
9126
9128
9130
9133
9134
9135
9136
9137
9139
9140
9144
9145
9146
9149
9150
9151
9152
9154
9155
9156
9160
9161
9162
9163
9164
9165
9166
9167
9168
9169
9172
9174
9175
9177
9178
9180
9181
9183
9184
9186
9187
9188
9189
9190
9192
9193
9194
9195
9200
9203
9204
9205
9206
9207
9208
9210
9211
9212
9214
9215
9217
9218
9219
9220
9224
9225
9226
9227
9228
9229
9230
9231
9232
9233
9235
9236
9237
9238
9239
9240
9241
9242
9243
9244
9247
9249
9250
9251
9252
9253
9254
9257
9258
9259
9261
9262
9263
9265
9268
9269
9270
9271
9272
9274
9275
9279
9280
9281
9282
9283
9286
9287
9288
9289
9290
9292
9295
9296
9298
9299
9300
9302
9303
9305
9306
9308
9310
9311
9312
9313
9314
9315
9316
9317
9318
9319
9320
9322
9324
9326
9327
9328
9330
9332
9333
9335
9336
9337
9338
9339
9340
9341
9343
9344
9345
9347
9348
9351
9353
9355
9356
9357
9359
9360
9361
9362
9363
9364
9365
9366
9368
9369
9370
9372
9374
9375
9376
9377
9378
9379
9380
9381
9382
9383
9385
9386
9388
9389
9390
9393
9394
9395
9396
9398
9399
9402
9403
9404
9405
9406
9408
9410
9411
9413
9414
9418
9421
9423
9424
9425
9427
9428
9430
9431
9434
9436
9437
9438
9440
9441
9442
9444
9445
9448
9449
9452
9456
9457
9458
9459
9460
9461
9464
9465
9466
9467
9469
9470
9471
9473
9474
9475
9476
9478
9479
9481
9483
9485
9488
9489
9490
9491
9492
9493
9494
9495
9498
9499
9500
9502
9504
9505
9506
9508
9510
9511
9512
9513
9518
9519
9522
9523
9525
9526
9527
9530
9532
9534
9535
9536
9537
9540
9541
9543
9544
9545
9548
9550
9554
9555
9556
9557
9559
9560
9561
9563
9565
9566
9567
9568
9569
9570
9572
9573
9574
9575
9576
9577
9582
9584
9585
9586
9587
9588
9589
9590
9591
9592
9593
9595
9596
9598
9599
9600
9603
9604
9605
9606
9608
9610
9611
9615
9616
9617
9618
9619
9622
9623
9628
9630
9632
9634
9635
9637
9639
9640
9641
9642
9644
9645
9646
9647
9648
9649
9650
9651
9653
9657
9658
9659
9660
9663
9664
9665
9666
9667
9668
9670
9673
9675
9676
9677
9679
9680
9683
9685
9686
9687
9689
9690
9691
9692
9693
9695
9696
9697
9698
9699
9700
9701
9702
9703
9705
9707
9710
9713
9715
9720
9721
9722
9723
9724
9726
9727
9728
9729
9730
9732
9733
9735
9740
9741
9742
9743
9744
9745
9746
9748
9750
9751
9756
9757
9758
9761
9762
9763
9765
9768
9769
9770
9771
9772
9774
9775
9780
9784
9786
9787
9788
9789
9790
9791
9793
9794
9795
9798
9800
9801
9804
9805
9806
9808
9809
9810
9812
9813
9814
9817
9820
9821
9822
9824
9825
9827
9831
9834
9837
9839
9841
9843
9844
9845
9846
9847
9848
9850
9851
9853
9854
9855
9856
9858
9860
9861
9863
9864
9865
9867
9868
9869
9872
9875
9876
9878
9881
9884
9885
9886
9887
9888
9890
9891
9893
9894
9895
9896
9897
9898
9899
9901
9904
9905
9906
9907
9908
9910
9913
9914
9916
9917
9919
9921
9923
9924
9925
9926
9927
9928
9929
9930
9935
9936
9937
9938
9940
9941
9943
9944
9946
9947
9948
9949
9950
9953
9954
9955
9956
9957
9958
9960
9962
9963
9965
9967
9968
9969
9971
9972
9973
9974
9975
9976
9977
9978
9979
9980
9981
9983
9984
9988
9989
9991
9993
9994
9995
9996
9997
9998
9999
10000
10001
10003
10005
10006
10008
10009
10011
10012
10013
10014
10015
10016
10017
10019
10021
10026
10027
10028
10029
10030
10034
10035
10036
10038
10041
10042
10043
10044
10045
10046
10047
10048
10049
10050
10051
10053
10054
10055
10056
10057
10058
10062
10064
10069
10070
10071
10072
10073
10074
10077
10078
10079
10080
10083
10085
10086
10087
10088
10089
10090
10091
10092
10093
10094
10098
10099
10102
10104
10105
10106
10107
10108
10110
10111
10113
10114
10117
10118
10119
10120
10122
10123
10124
10126
10127
10128
10129
10130
10132
10133
10134
10135
10136
10138
10139
10140
10141
10142
10143
10145
10146
10147
10148
10150
10151
10152
10153
10158
10161
10163
10165
10167
10168
10169
10170
10171
10172
10177
10181
10182
10184
10185
10187
10188
10189
10190
10192
10194
10195
10196
10197
10199
10200
10203
10204
10207
10208
10209
10210
10211
10212
10213
10215
10216
10217
10219
10220
10221
10222
10224
10225
10226
10227
10229
10230
10231
10232
10233
10234
10237
10239
10241
10242
10243
10246
10247
10248
10249
10251
10252
10253
10254
10256
10257
10263
10265
10267
10268
10269
10272
10273
10275
10276
10277
10278
10280
10281
10283
10284
10285
10286
10287
10288
10290
10296
10297
10299
10300
10301
10302
10304
10305
10306
10307
10309
10310
10313
10314
10315
10316
10317
10318
10319
10320
10321
10322
10323
10324
10326
10327
10328
10329
10332
10333
10341
10342
10344
10346
10349
10353
10354
10355
10356
10357
10358
10359
10361
10363
10364
10366
10368
10369
10370
10371
10373
10376
10378
10380
10382
10383
10385
10386
10389
10390
10391
10392
10394
10396
10399
10400
10401
10402
10407
10408
10409
10410
10411
10412
10414
10415
10417
10421
10422
10424
10426
10428
10429
10430
10431
10432
10433
10435
10437
10439
10442
10444
10445
10446
10447
10448
10449
10450
10452
10453
10454
10457
10458
10459
10460
10461
10462
10463
10465
10466
10467
10469
10470
10471
10472
10473
10474
10475
10476
10477
10478
10480
10482
10483
10484
10485
10489
10490
10493
10494
10497
10498
10499
10500
10502
10506
10507
10508
10509
10512
10513
10516
10517
10519
10523
10527
10528
10529
10530
10531
10532
10533
10541
10542
10543
10544
10546
10547
10550
10552
10556
10557
10559
10562
10563
10564
10566
10567
10569
10570
10573
10574
10578
10580
10581
10582
10584
10585
10586
10587
10588
10589
10590
10591
10592
10593
10594
10596
10599
10600
10602
10603
10604
10605
10607
10608
10609
10610
10611
10612
10614
10615
10616
10617
10618
10619
10620
10622
10625
10626
10627
10628
10629
10630
10632
10634
10637
10638
10640
10641
10643
10644
10647
10649
10651
10652
10654
10655
10658
10659
10660
10662
10663
10665
10666
10670
10671
10672
10674
10676
10677
10679
10681
10684
10686
10687
10688
10689
10691
10692
10694
10695
10696
10697
10701
10702
10703
10704
10706
10707
10710
10712
10713
10715
10717
10719
10720
10722
10723
10724
10725
10726
10727
10728
10729
10732
10737
10739
10741
10742
10743
10744
10746
10747
10748
10749
10750
10751
10752
10753
10754
10756
10757
10758
10760
10765
10766
10768
10771
10772
10773
10777
10778
10779
10780
10782
10786
10788
10791
10793
10794
10795
10797
10798
10799
10800
10803
10804
10805
10806
10808
10809
10810
10812
10813
10814
10815
10816
10817
10820
10821
10823
10825
10827
10828
10829
10830
10831
10833
10835
10836
10837
10838
10839
10842
10843
10844
10845
10846
10847
10849
10850
10851
10852
10853
10854
10855
10856
10857
10858
10859
10860
10861
10863
10864
10865
10866
10867
10868
10869
10871
10872
10873
10875
10876
10877
10879
10882
10883
10884
10885
10888
10889
10890
10891
10893
10895
10896
10898
10899
10900
10901
10902
10903
10905
10906
10907
10909
10910
10911
10912
10913
10914
10916
10917
10918
10920
10922
10923
10924
10925
10927
10928
10929
10932
10933
10936
10937
10938
10939
10941
10942
10943
10945
10950
10953
10954
10955
10957
10958
10959
10960
10961
10962
10963
10969
10970
10971
10973
10974
10975
10976
10977
10978
10980
10983
10984
10985
10986
10987
10988
10992
10997
11001
11002
11004
11005
11007
11008
11009
11010
11011
11014
11015
11016
11017
11018
11021
11023
11025
11027
11029
11030
11031
11033
11034
11038
11039
11040
11041
11044
11045
11049
11050
11052
11053
11054
11055
11056
11058
11059
11061
11063
11064
11065
11066
11067
11068
11070
11071
11073
11075
11076
11077
11079
11080
11081
11085
11086
11087
11093
11095
11098
11099
11100
11101
11102
11103
11104
11105
11106
11108
11110
11111
11113
11114
11115
11116
11117
11118
11119
11120
11122
11123
11125
11126
11127
11128
11130
11132
11133
11134
11135
11136
11137
11138
11139
11140
11141
11142
11143
11144
11147
11149
11150
11152
11153
11155
11156
11157
11159
11160
11162
11163
11165
11166
11167
11168
11169
11170
11171
11172
11173
11174
11175
11177
11179
11180
11181
11183
11185
11186
11187
11188
11189
11192
11193
11195
11196
11197
11198
11199
11200
11201
11203
11205
11206
11209
11210
11215
11216
11218
11220
11221
11222
11223
11224
11225
11226
11227
11228
11229
11230
11232
11234
11235
11237
11239
11240
11241
11242
11243
11245
11246
11250
11252
11254
11255
11256
11257
11258
11259
11261
11262
11263
11264
11265
11266
11267
11268
11269
11271
11275
11276
11277
11278
11279
11281
11287
11289
11290
11291
11293
11295
11296
11298
11299
11300
11301
11302
11303
11304
11307
11308
11309
11310
11311
11312
11314
11315
11317
11318
11319
11320
11321
11322
11324
11325
11326
11327
11331
11332
11334
11335
11336
11337
11338
11339
11340
11341
11342
11343
11345
11346
11348
11350
11351
11352
11353
11354
11357
11358
11359
11361
11362
11363
11367
11368
11370
11371
11373
11374
11375
11376
11378
11379
11380
11381
11382
11383
11384
11385
11386
11387
11388
11389
11392
11393
11394
11395
11398
11403
11404
11405
11406
11407
11408
11409
11410
11411
11412
11413
11414
11415
11419
11420
11421
11422
11424
11425
11426
11427
11428
11429
11432
11433
11436
11437
11438
11439
11440
11442
11444
11445
11446
11448
11450
11451
11452
11453
11454
11457
11458
11460
11461
11462
11464
11470
11474
11475
11478
11479
11480
11481
11482
11485
11487
11488
11489
11490
11491
11492
11493
11494
11495
11496
11499
11500
11505
11506
11508
11509
11510
11511
11512
11513
11515
11517
11518
11520
11523
11524
11525
11526
11527
11529
11533
11534
11535
11536
11537
11538
11541
11542
11543
11544
11545
11549
11552
11553
11555
11556
11557
11559
11560
11561
11563
11564
11565
11566
11572
11573
11574
11575
11577
11578
11579
11581
11582
11584
11588
11589
11590
11591
11592
11593
11595
11597
11599
11600
11601
11602
11604
11606
11607
11608
11609
11610
11611
11612
11615
11616
11617
11620
11621
11622
11625
11626
11627
11628
11629
11630
11631
11632
11636
11637
11639
11643
11644
11645
11646
11647
11648
11650
11651
11652
11653
11654
11655
11656
11657
11658
11659
11660
11661
11662
11663
11665
11667
11670
11671
11672
11673
11674
11675
11676
11677
11681
11687
11688
11689
11690
11691
11693
11694
11696
11697
11699
11702
11703
11704
11706
11707
11708
11710
11711
11712
11713
11714
11715
11717
11718
11720
11721
11723
11724
11726
11728
11730
11731
11732
11733
11735
11736
11737
11738
11739
11740
11741
11745
11748
11749
11750
11753
11754
11755
11756
11758
11759
11760
11761
11762
11763
11764
11765
11766
11767
11770
11771
11772
11773
11774
11775
11776
11777
11778
11779
11780
11781
11788
11789
11790
11792
11793
11795
11796
11797
11798
11799
11800
11803
11804
11805
11810
11811
11812
11813
11816
11817
11820
11822
11824
11828
11829
11830
11831
11832
11833
11834
11835
11836
11837
11838
11839
11840
11841
11846
11847
11849
11850
11852
11856
11860
11863
11864
11865
11867
11870
11872
11873
11876
11877
11879
11880
11881
11886
11887
11888
11891
11892
11893
11894
11895
11896
11898
11899
11901
11902
11903
11905
11906
11907
11908
11909
11910
11912
11913
11915
11916
11918
11920
11921
11922
11923
11926
11928
11930
11932
11934
11936
11937
11938
11939
11941
11942
11943
11945
11947
11949
11952
11954
11955
11956
11957
11958
11960
11961
11963
11964
11965
11968
11969
11970
11973
11975
11977
11978
11980
11981
11982
11983
11988
11990
11991
11993
11994
11997
11999
12000
12002
12004
12005
12007
12009
12011
12012
12013
12014
12015
12016
12017
12018
12019
12020
12022
12023
12025
12026
12027
12028
12029
12030
12031
12032
12034
12036
12040
12041
12043
12044
12046
12047
12048
12049
12051
12055
12056
12057
12058
12059
12062
12063
12064
12065
12066
12067
12068
12072
12073
12074
12075
12076
12077
12078
12081
12082
12088
12089
12091
12092
12093
12095
12096
12098
12099
12101
12102
12103
12104
12105
12107
12108
12109
12110
12113
12114
12115
12116
12117
12118
12121
12122
12123
12124
12125
12126
12127
12128
12129
12131
12132
12133
12134
12136
12137
12138
12139
12141
12142
12144
12145
12148
12151
12153
12154
12155
12156
12157
12158
12159
12161
12163
12165
12167
12168
12169
12170
12171
12172
12173
12174
12175
12177
12178
12179
12180
12181
12182
12184
12185
12187
12188
12189
12192
12193
12194
12195
12196
12197
12200
12201
12202
12203
12204
12207
12208
12211
12212
12215
12218
12219
12220
12221
12222
12224
12226
12227
12228
12229
12230
12231
12233
12234
12235
12236
12238
12240
12244
12246
12247
12250
12251
12254
12255
12256
12257
12259
12260
12262
12263
12264
12270
12271
12273
12275
12277
12279
12280
12281
12282
12284
12288
12289
12290
12292
12293
12296
12299
12300
12301
12302
12304
12306
12307
12309
12310
12312
12314
12315
12318
12321
12323
12327
12328
12332
12334
12336
12337
12338
12341
12342
12343
12344
12345
12348
12349
12350
12351
12352
12354
12355
12357
12358
12359
12360
12361
12362
12363
12365
12366
12367
12368
12369
12370
12371
12374
12375
12377
12379
12380
