3
5
8
9
10
11
12
13
14
15
16
17
22
23
24
25
26
30
31
33
35
36
38
39
40
41
42
43
44
45
48
50
51
52
53
54
55
56
57
58
61
63
65
69
71
72
73
74
75
76
77
80
82
83
84
86
87
88
89
90
91
92
93
96
97
98
100
101
102
104
105
107
108
110
111
112
114
115
116
119
120
121
122
123
124
126
127
130
131
134
135
136
137
138
139
140
142
144
145
147
149
150
155
156
157
158
159
160
162
163
164
165
166
167
170
172
173
174
175
177
178
179
180
182
183
184
185
186
187
189
192
197
199
200
201
203
204
205
207
208
209
211
214
216
217
218
220
222
223
224
225
227
229
231
235
236
238
240
241
242
243
244
245
246
248
250
252
260
261
263
264
267
268
269
270
272
273
275
277
279
280
281
282
283
285
288
289
290
291
294
296
300
301
303
304
305
306
307
308
310
311
312
313
314
315
317
319
320
321
322
323
324
326
328
329
330
331
332
334
335
336
337
341
342
343
344
348
350
351
352
353
354
355
356
357
358
359
360
361
362
363
364
366
367
368
369
371
373
376
379
380
381
382
383
384
386
387
388
389
391
392
394
395
398
399
400
401
402
409
411
412
413
414
416
418
419
420
421
422
423
426
431
432
434
435
436
437
439
440
441
442
443
444
445
449
450
451
453
455
456
457
458
459
462
463
465
466
467
470
472
474
476
479
480
481
483
484
485
486
487
488
490
492
494
497
498
499
500
501
503
504
506
509
510
512
515
516
520
521
522
523
524
527
529
531
532
533
534
535
536
538
539
541
542
544
545
546
547
551
552
557
559
560
562
563
564
569
570
571
572
573
574
575
577
578
580
581
583
585
588
589
590
591
596
597
599
600
601
602
603
606
608
609
610
611
612
614
615
617
619
620
621
622
624
625
627
629
631
632
633
634
635
636
641
642
643
646
647
648
649
650
651
653
654
655
656
657
658
659
661
662
663
664
666
670
671
672
673
674
675
676
677
678
679
681
682
684
685
686
687
688
690
691
692
694
695
704
707
709
710
712
713
715
716
719
726
729
730
731
732
737
738
739
740
744
745
746
751
752
753
754
755
757
758
759
761
762
763
764
765
766
768
769
770
771
772
775
777
778
780
781
782
783
785
786
788
790
795
796
800
802
803
804
806
807
808
810
812
813
815
816
817
819
820
821
824
825
827
829
830
831
832
833
834
835
836
837
838
839
841
843
844
846
847
848
850
852
854
856
857
858
861
864
865
867
868
870
871
872
873
874
878
881
882
883
884
885
887
888
891
892
893
895
896
899
900
901
904
906
908
909
910
915
917
920
921
926
928
929
931
932
934
939
940
941
942
944
946
952
954
956
958
960
961
962
963
966
967
968
969
970
975
977
978
979
982
985
986
988
989
990
994
995
997
1000
1002
1003
1004
1005
1006
1007
1008
1009
1010
1011
1012
1013
1015
1016
1017
1020
1021
1023
1024
1026
1027
1028
1031
1032
1033
1036
1037
1038
1039
1041
1044
1047
1048
1050
1051
1052
1054
1056
1058
1059
1060
1061
1062
1063
1064
1065
1067
1068
1071
1072
1073
1075
1078
1079
1080
1083
1084
1085
1086
1087
1088
1089
1094
1095
1098
1099
1100
1103
1104
1106
1107
1108
1111
1115
1117
1118
1120
1121
1123
1124
1125
1126
1127
1128
1129
1131
1192
1214
1216
1217
1219
1220
1226
1229
1231
1232
1233
1234
1237
1240
1242
1243
1245
1248
1249
1250
1251
1252
1253
1254
1256
1259
1260
1261
1262
1264
1269
1270
1271
1272
1273
1274
1275
1277
1278
1280
1281
1282
1284
1287
1289
1292
1293
1295
1296
1299
1300
1301
1302
1303
1304
1305
1306
1307
1310
1311
1312
1314
1316
1318
1320
1322
1323
1325
1327
1328
1329
1330
1331
1332
1333
1335
1336
1337
1338
1339
1340
1343
1345
1348
1350
1351
1352
1356
1357
1359
1361
1362
1363
1364
1367
1370
1371
1372
1373
1375
1376
1378
1382
1383
1384
1385
1389
1391
1392
1393
1395
1397
1398
1399
1400
1402
1405
1406
1408
1410
1411
1413
1416
1417
1418
1419
1421
1422
1423
1424
1425
1427
1428
1429
1430
1432
1434
1435
1436
1437
1438
1443
1446
1451
1452
1453
1454
1457
1459
1463
1464
1466
1468
1469
1470
1476
1480
1484
1486
1487
1488
1490
1491
1492
1495
1496
1497
1498
1500
1502
1504
1505
1506
1508
1509
1510
1511
1512
1513
1515
1517
1520
1522
1525
1528
1529
1530
1533
1538
1544
1549
1550
1558
1559
1572
1579
1581
1591
1594
1596
1603
1607
1611
1612
1613
1620
1628
1630
1633
1636
1639
1642
1645
1646
1649
1650
1653
1654
1655
1656
1657
1658
1659
1665
1666
1669
1673
1674
1676
1677
1678
1681
1682
1684
1685
1687
1688
1689
1690
1693
1696
1699
1701
1703
1704
1706
1707
1708
1709
1711
1712
1713
1714
1715
1716
1717
1720
1721
1722
1724
1726
1736
1740
1741
1744
1746
1749
1753
1754
1755
1756
1757
1758
1760
1761
1763
1764
1765
1767
1768
1769
1770
1771
1772
1773
1776
1777
1778
1779
1780
1781
1782
1784
1785
1787
1788
1790
1791
1792
1794
1796
1798
1799
1800
1802
1803
1805
1806
1807
1808
1809
1810
1811
1814
1815
1816
1818
1819
1820
1822
1823
1825
1828
1829
1830
1831
1834
1836
1837
1838
1840
1842
1843
1844
1845
1846
1848
1849
1852
1853
1856
1857
1859
1861
1863
1864
1866
1867
1868
1869
1870
1871
1872
1873
1874
1875
1877
1878
1879
1880
1882
1883
1884
1886
1890
1893
1895
1896
1897
1898
1904
1905
1906
1907
1908
1912
1913
1914
1915
1919
1921
1922
1925
1927
1928
1929
1930
1931
1932
1935
1939
1940
1941
1942
1943
1945
1951
1952
1953
1954
1955
1956
1958
1960
1961
1962
1966
1969
1972
1980
1981
1982
1984
1985
1986
1987
1988
1989
1990
1991
1992
1993
1994
1995
1996
1998
1999
2003
2006
2007
2009
2010
2013
2014
2015
2017
2018
2019
2020
2022
2023
2024
2025
2026
2027
2028
2030
2031
2032
2035
2038
2039
2040
2041
2044
2045
2047
2048
2051
2052
2053
2056
2058
2059
2060
2062
2063
2065
2067
2069
2072
2073
2074
2076
2077
2080
2081
2083
2084
2086
2088
2090
2091
2092
2093
2102
2103
2105
2106
2107
2109
2110
2116
2119
2121
2122
2124
2127
2128
2132
2133
2134
2135
2136
2137
2138
2139
2141
2142
2143
2144
2145
2149
2150
2151
2152
2153
2154
2155
2156
2158
2159
2160
2161
2162
2164
2165
2166
2167
2168
2169
2170
2171
2172
2173
2174
2175
2176
2178
2180
2181
2182
2184
2186
2187
2188
2192
2193
2198
2200
2201
2202
2203
2204
2205
2206
2207
2208
2210
2211
2212
2213
2214
2215
2217
2219
2221
2223
2224
2225
2227
2229
2230
2231
2232
2233
2240
2242
2244
2247
2248
2249
2250
2252
2253
2255
2256
2257
2258
2261
2263
2264
2266
2267
2269
2270
2273
2282
2283
2284
2287
2289
2290
2292
2294
2295
2296
2297
2298
2300
2301
2302
2304
2305
2306
2307
2308
2309
2310
2313
2315
2316
2318
2319
2320
2321
2322
2323
2324
2325
2326
2328
2329
2334
2336
2338
2339
2340
2341
2343
2344
2345
2348
2349
2350
2351
2352
2353
2354
2355
2356
2357
2358
2360
2361
2362
2364
2365
2366
2367
2368
2372
2373
2376
2377
2378
2379
2380
2382
2384
2386
2387
2388
2391
2392
2394
2398
2399
2400
2402
2404
2405
2406
2407
2408
2410
2411
2412
2413
2414
2415
2416
2419
2420
2421
2424
2425
2426
2427
2428
2430
2433
2434
2436
2439
2442
2444
2446
2450
2451
2452
2454
2455
2457
2459
2460
2461
2462
2466
2468
2469
2471
2472
2473
2476
2477
2479
2480
2483
2484
2485
2486
2488
2489
2490
2492
2495
2496
2497
2498
2500
2502
2504
2505
2506
2508
2509
2511
2512
2513
2514
2516
2517
2518
2520
2521
2522
2523
2526
2527
2529
2530
2531
2533
2535
2536
2537
2539
2540
2541
2542
2545
2546
2547
2548
2549
2550
2551
2552
2553
2554
2555
2556
2559
2560
2561
2562
2563
2564
2565
2566
2568
2569
2571
2572
2573
2574
2577
2578
2579
2580
2581
2584
2586
2588
2589
2590
2592
2593
2594
2595
2596
2599
2601
2602
2603
2605
2608
2610
2612
2613
2615
2617
2618
2619
2620
2621
2623
2624
2627
2628
2629
2630
2631
2632
2633
2635
2637
2638
2639
2641
2643
2644
2649
2651
2652
2653
2655
2658
2659
2660
2661
2662
2664
2665
2667
2668
2670
2671
2674
2675
2676
2678
2682
2683
2684
2685
2686
2687
2688
2689
2690
2693
2694
2695
2696
2698
2700
2701
2702
2703
2704
2705
2706
2707
2710
2711
2713
2714
2718
2719
2720
2722
2723
2724
2725
2726
2727
2728
2729
2730
2732
2738
2739
2741
2742
2743
2744
2745
2746
2750
2751
2752
2755
2756
2758
2759
2762
2764
2768
2770
2772
2773
2774
2776
2779
2780
2781
2782
2783
2784
2785
2787
2788
2789
2791
2793
2798
2801
2802
2803
2804
2805
2806
2807
2808
2809
2810
2811
2813
2814
2816
2818
2819
2820
2822
2823
2824
2825
2826
2827
2828
2832
2833
2834
2835
2836
2837
2838
2839
2840
2841
2843
2845
2847
2849
2853
2854
2855
2856
2857
2861
2862
2863
2864
2865
2866
2867
2868
2869
2870
2871
2872
2873
2874
2876
2877
2878
2880
2882
2883
2884
2885
2886
2888
2891
2892
2893
2894
2895
2896
2899
2900
2901
2903
2905
2906
2907
2908
2909
2913
2915
2916
2918
2923
2925
2926
2928
2929
2930
2931
2932
2934
2935
2937
2938
2939
2941
2942
2944
2945
2949
2950
2951
2952
2954
2955
2956
2958
2960
2962
2963
2966
2968
2971
2972
2973
2974
2975
2976
2977
2978
2979
2981
2984
2985
2986
2988
2989
2990
2991
2992
2994
2996
2999
3000
3001
3003
3008
3009
3010
3014
3016
3017
3018
3020
3021
3022
3023
3024
3025
3026
3030
3031
3032
3033
3034
3035
3036
3037
3038
3039
3040
3041
3042
3043
3044
3048
3049
3051
3053
3055
3056
3057
3058
3062
3063
3064
3068
3069
3071
3072
3073
3074
3075
3077
3078
3079
3080
3082
3083
3085
3086
3087
3088
3089
3090
3093
3094
3095
3097
3098
3099
3100
3101
3102
3103
3104
3105
3107
3109
3110
3111
3113
3116
3117
3120
3121
3122
3124
3125
3128
3129
3130
3131
3133
3134
3136
3138
3139
3140
3146
3147
3152
3153
3154
3156
3157
3158
3160
3161
3164
3165
3167
3168
3169
3170
3171
3174
3175
3176
3177
3178
3179
3180
3182
3183
3185
3186
3187
3188
3189
3190
3193
3194
3195
3196
3197
3198
3199
3202
3203
3204
3205
3206
3207
3209
3211
3213
3218
3219
3220
3221
3223
3224
3225
3226
3227
3229
3230
3234
3236
3237
3238
3239
3240
3241
3242
3244
3245
3248
3249
3251
3252
3254
3255
3256
3257
3258
3259
3260
3262
3263
3265
3266
3268
3269
3271
3272
3273
3274
3275
3276
3277
3278
3280
3281
3282
3283
3284
3285
3287
3288
3289
3290
3291
3292
3293
3294
3295
3297
3298
3299
3300
3301
3302
3304
3306
3309
3310
3311
3313
3315
3316
3317
3318
3319
3320
3321
3322
3323
3325
3331
3332
3337
3338
3340
3347
3349
3352
3353
3354
3355
3356
3357
3358
3360
3361
3362
3364
3365
3366
3367
3368
3369
3370
3371
3373
3374
3375
3376
3377
3378
3379
3380
3381
3384
3386
3387
3389
3390
3391
3393
3394
3397
3398
3399
3400
3403
3404
3405
3407
3408
3409
3410
3411
3413
3414
3416
3417
3421
3423
3424
3425
3426
3427
3428
3429
3431
3432
3433
3436
3440
3441
3445
3446
3447
3448
3449
3451
3452
3453
3454
3457
3458
3460
3461
3463
3464
3465
3467
3472
3474
3475
3476
3479
3480
3483
3484
3485
3486
3487
3488
3489
3496
3497
3498
3500
3501
3503
3504
3505
3506
3507
3508
3510
3511
3512
3513
3514
3516
3517
3518
3519
3520
3521
3523
3525
3534
3535
3536
3538
3539
3540
3541
3542
3543
3544
3545
3547
3548
3549
3550
3551
3552
3553
3554
3555
3557
3558
3559
3560
3561
3562
3563
3564
3565
3566
3567
3568
3571
3572
3573
3574
3576
3577
3579
3582
3583
3584
3585
3586
3587
3588
3589
3590
3591
3592
3593
3594
3595
3596
3598
3599
3600
3601
3602
3603
3604
3605
3606
3609
3610
3611
3612
3614
3616
3618
3621
3624
3626
3631
3632
3633
3634
3635
3639
3641
3642
3643
3644
3648
3650
3652
3654
3657
3658
3661
3664
3665
3668
3669
3670
3671
3675
3676
3677
3679
3683
3684
3688
3690
3691
3693
3694
3695
3698
3699
3700
3701
3704
3706
3707
3708
3709
3711
3713
3714
3715
3717
3719
3720
3722
3723
3727
3734
3739
3740
3742
3743
3745
3748
3754
3756
3757
3758
3759
3761
3762
3764
3765
3767
3768
3769
3770
3772
3773
3774
3776
3777
3778
3781
3782
3783
3784
3785
3786
3787
3790
3791
3795
3796
3797
3798
3802
3804
3806
3807
3808
3809
3812
3813
3814
3816
3817
3818
3820
3823
3824
3826
3828
3829
3831
3832
3833
3837
3838
3839
3840
3841
3843
3844
3846
3848
3849
3850
3852
3853
3854
3855
3856
3858
3860
3861
3862
3864
3865
3867
3869
3870
3872
3873
3874
3876
3877
3878
3880
3882
3883
3887
3888
3889
3890
3891
3893
3894
3897
3898
3904
3907
3908
3909
3910
3911
3913
3914
3915
3918
3919
3922
3923
3925
3926
3927
3929
3930
3931
3932
3933
3934
3935
3936
3937
3938
3942
3943
3944
3947
3948
3950
3951
3952
3954
3955
3956
3957
3958
3959
3960
3961
3962
3963
3964
3965
3967
3968
3970
3973
3974
3975
3977
3980
3983
3989
3990
3993
3995
3997
3998
3999
4000
4001
4003
4004
4005
4007
4009
4011
4013
4014
4017
4018
4019
4020
4022
4024
4026
4027
4028
4030
4031
4032
4033
4035
4037
4038
4039
4040
4041
4043
4045
4046
4047
4049
4051
4054
4058
4059
4063
4072
4073
4074
4077
4078
4079
4080
4081
4084
4085
4086
4087
4089
4091
4098
4099
4103
4104
4105
4106
4108
4109
4110
4111
4112
4113
4115
4116
4117
4118
4119
4120
4121
4124
4125
4126
4129
4130
4131
4132
4135
4137
4138
4139
4141
4144
4146
4149
4150
4151
4154
4156
4157
4158
4159
4161
4162
4163
4167
4168
4170
4171
4176
4177
4180
4182
4183
4184
4186
4187
4189
4190
4191
4192
4193
4194
4195
4196
4198
4199
4200
4201
4203
4204
4205
4206
4208
4209
4210
4211
4212
4213
4214
4215
4216
4217
4218
4219
4223
4224
4227
4228
4230
4231
4232
4233
4236
4237
4238
4239
4245
4246
4247
4249
4251
4253
4256
4257
4259
4260
4262
4263
4264
4265
4267
4268
4269
4272
4275
4277
4280
4281
4282
4283
4284
4285
4286
4287
4291
4292
4293
4294
4295
4296
4297
4299
4300
4301
4302
4303
4306
4307
4308
4309
4310
4312
4313
4315
4318
4319
4324
4326
4328
4329
4332
4333
4335
4336
4337
4338
4340
4341
4343
4345
4347
4349
4350
4351
4352
4353
4359
4362
4363
4365
4366
4367
4368
4370
4371
4372
4373
4374
4375
4378
4379
4380
4381
4382
4383
4384
4386
4387
4388
4389
4390
4391
4392
4393
4394
4395
4398
4399
4402
4406
4407
4411
4412
4413
4414
4415
4418
4419
4420
4421
4424
4425
4426
4429
4430
4431
4432
4433
4434
4435
4438
4439
4440
4441
4442
4444
4445
4446
4447
4448
4449
4450
4452
4453
4455
4456
4457
4458
4459
4460
4461
4462
4463
4464
4465
4467
4468
4471
4472
4474
4475
4476
4477
4478
4479
4480
4481
4483
4484
4486
4488
4489
4491
4493
4495
4496
4497
4498
4499
4501
4502
4503
4504
4505
4506
4507
4508
4509
4510
4511
4512
4517
4518
4521
4523
4524
4526
4527
4529
4532
4533
4534
4535
4536
4538
4539
4540
4541
4542
4543
4545
4546
4547
4549
4551
4554
4555
4556
4557
4558
4559
4560
4561
4562
4563
4564
4565
4567
4568
4570
4571
4572
4573
4575
4577
4578
4579
4580
4581
4582
4583
4584
4585
4586
4589
4590
4591
4592
4593
4594
4595
4596
4597
4598
4599
4600
4601
4605
4606
4607
4609
4610
4611
4614
4615
4616
4617
4621
4622
4623
4625
4627
4629
4630
4631
4632
4633
4634
4637
4639
4640
4641
4642
4643
4644
4645
4646
4647
4648
4649
4651
4653
4655
4656
4660
4661
4662
4664
4665
4666
4667
4668
4669
4671
4673
4675
4676
4677
4678
4679
4681
4682
4683
4684
4685
4690
4691
4692
4693
4697
4698
4700
4701
4702
4704
4706
4707
4708
4709
4710
4712
4718
4719
4721
4725
4726
4730
4731
4732
4733
4734
4735
4737
4739
4740
4744
4746
4747
4750
4751
4753
4754
4755
4756
4757
4758
4759
4761
4762
4764
4766
4767
4768
4769
4770
4771
4773
4774
4775
4776
4779
4780
4783
4787
4788
4790
4792
4794
4795
4796
4797
4798
4800
4803
4804
4805
4808
4809
4812
4813
4814
4815
4816
4817
4818
4819
4820
4821
4822
4824
4826
4828
4829
4830
4831
4832
4833
4834
4836
4839
4840
4843
4844
4846
4848
4850
4852
4853
4855
4856
4857
4858
4864
4865
4867
4870
4871
4876
4884
4886
4888
4889
4890
4893
4894
4895
4896
4898
4899
4900
4901
4902
4903
4904
4909
4913
4914
4915
4917
4918
4920
4921
4922
4923
4924
4925
4926
4927
4928
4930
4931
4932
4934
4938
4939
4940
4943
4944
4945
4946
4948
4949
4951
4953
4954
4956
4958
4960
4962
4963
4967
4969
4970
4971
4972
4973
4977
4980
4983
4984
4985
4986
4987
4988
4989
4990
4991
4993
4994
4996
4997
5000
5001
5002
5003
5005
5006
5007
5008
5010
5012
5013
5014
5015
5016
5018
5019
5023
5024
5025
5031
5032
5034
5035
5036
5039
5040
5042
5043
5044
5045
5049
5051
5053
5055
5056
5058
5059
5060
5061
5064
5065
5066
5067
5068
5071
5072
5074
5075
5076
5077
5078
5080
5081
5083
5084
5085
5086
5087
5088
5089
5090
5091
5093
5095
5096
5097
5100
5102
5106
5107
5108
5109
5110
5112
5113
5114
5116
5119
5120
5121
5122
5124
5126
5127
5129
5130
5131
5132
5133
5134
5135
5138
5139
5140
5141
5143
5144
5147
5149
5153
5155
5157
5161
5162
5163
5164
5165
5167
5168
5169
5170
5171
5172
5175
5176
5177
5180
5181
5185
5187
5188
5189
5191
5192
5195
5197
5203
5205
5206
5207
5211
5212
5213
5214
5217
5219
5221
5222
5224
5229
5230
