3381	243	4276
4610	342	519
4350	448	3531
1467	357	1247
2787	404	2544
3396	351	1900
1921	339	927
385	289	4498
4994	351	3737
3214	125	274
385	243	1987
5021	243	519
4711	289	515
3296	289	4054
3945	351	1846
4553	201	2062
3495	351	1236
5226	243	519
2090	410	2443
2881	149	3201
4237	289	4550
2666	289	581
2295	404	1001
321	289	2311
584	448	2866
537	912	4846
3902	527	2898
4273	92	4948
239	289	1323
669	289	856
1817	642	421
153	145	4582
329	642	438
1353	351	2068
1498	419	1947
1782	125	274
2948	352	2653
1520	366	4322
659	352	4221
1833	419	766
4305	448	3698
3358	289	2919
2666	289	3820
1123	779	1122
1710	289	4159
1797	289	2637
1421	635	4657
4057	351	1932
2146	683	1073
3346	243	3118
408	866	284
1505	638	4107
3741	357	1845
3556	357	1845
2243	415	4501
2852	125	9
4196	635	2922
59	695	316
530	351	2081
3171	502	797
3924	779	931
4230	351	1046
2487	351	2068
404	640	2837
5015	352	972
575	289	2482
4490	351	2456
1389	640	3649
846	357	4188
656	448	3531
1747	351	1845
3651	642	3479
2625	448	5163
4652	926	2081
3724	357	1845
2766	289	4822
921	779	750
55	938	667
4746	419	1968
1101	77	1099
3998	201	1936
3242	263	188
3755	695	4829
226	926	1845
2668	357	750
1344	357	625
4961	779	3920
2104	352	2440
5009	34	1845
2037	351	1845
4263	289	4619
1833	125	9
1947	779	1946
125	289	4474
2375	493	3023
2261	208	3920
2470	351	2068
3455	204	1117
3939	351	1529
5062	912	4131
2431	750	4348
2622	351	1270
1409	912	4322
2587	448	34
385	642	1987
2078	357	984
5017	446	4840
4613	351	4071
598	366	1837
733	149	1967
630	351	1282
352	642	4603
3026	126	2126
1784	289	19
4168	204	2089
1636	62	3012
6	243	4267
5115	94	1282
4327	419	766
98	846	3851
1241	419	1284
2049	912	4846
2023	410	2943
4281	358	4519
3570	62	2387
396	926	2436
4979	239	4980
1704	289	1034
3462	204	2043
957	683	1967
2983	352	1315
632	351	2663
3580	208	2292
3490	149	995
210	454	1282
3673	640	621
1024	357	1944
2726	77	1070
154	870	3116
469	289	3881
2335	357	3920
914	289	3944
293	289	3839
3123	351	2556
424	289	1438
666	352	4153
2532	357	1282
2345	351	3462
3842	351	3452
3358	243	2919
848	357	793
323	289	2311
3891	448	27
3266	243	5062
1266	779	3693
1504	417	4102
4528	912	1469
2538	27	3296
1673	419	4961
125	289	5102
202	480	190
4764	419	3066
79	357	1946
4662	351	3836
4147	387	2277
3135	660	2652
4221	419	4222
638	351	2216
2538	323	176
2365	351	3435
3361	289	2622
1754	448	2429
3290	640	2919
2441	750	1845
2147	352	765
60	791	224
324	448	415
2155	779	1465
5020	351	3737
669	289	2557
4916	410	4903
424	642	4572
984	419	3644
2453	366	1837
3222	635	4135
4736	779	3745
3851	448	5076
347	289	4441
3971	926	765
3752	366	4332
1127	419	4143
4969	204	4408
3459	126	4419
4353	149	1122
3704	779	866
5103	351	1900
1042	357	1958
2544	254	1270
21	926	765
346	289	4823
339	448	663
1008	204	1066
1786	289	4059
1524	779	1845
623	180	4003
4042	817	2746
507	351	3053
3972	299	1659
3939	352	4084
317	938	2011
1722	640	1431
3359	419	766
4259	149	3703
4470	502	4462
4519	448	5119
2891	358	2501
347	448	1702
2361	289	4002
5055	660	2438
669	289	2799
3519	351	3435
2997	352	2979
3289	289	2626
106	419	766
3192	351	2210
4412	779	2606
347	176	3085
1467	769	1247
2027	708	28
899	448	2177
466	289	4490
3755	695	2823
2313	419	4736
3515	351	1845
3400	204	5046
4095	448	2004
4196	204	2922
550	912	4322
954	711	953
2274	779	4197
2271	912	4846
1112	284	1271
334	358	667
85	769	4092
319	677	318
3369	289	3678
4147	448	297
630	404	2544
3810	410	2646
1827	289	4772
2238	539	4211
49	642	457
4063	419	1901
433	125	438
613	912	2750
3077	448	1702
385	289	1520
1460	254	2714
613	448	3698
390	289	2476
733	750	2694
1541	149	2663
3305	289	600
198	125	453
212	446	3698
2494	351	1846
477	125	88
2507	358	200
295	387	2277
2380	126	2157
2695	493	2432
469	289	4463
3264	357	1845
1827	289	2534
4699	357	1845
1445	352	1967
125	642	88
110	640	2374
3266	176	2616
4484	660	2920
4950	419	766
4154	126	4999
2251	351	1845
1424	351	2699
213	448	4972
1298	201	1953
2465	357	1270
4831	351	3482
1614	62	1076
820	289	561
1286	711	1282
445	289	4827
556	352	2216
2071	289	1371
689	415	3682
4436	208	2951
669	640	4645
1991	358	3953
2794	912	2596
996	126	3699
397	289	3114
2061	243	2496
3755	254	1944
4070	357	1845
2459	446	2177
3159	526	997
4008	284	5070
1101	357	1845
1514	289	3863
1105	289	507
4704	642	2538
4530	448	5221
59	791	316
4321	419	766
3570	77	1282
2344	284	2458
2787	404	724
168	938	334
3321	176	5115
4263	677	4261
276	448	167
283	926	2645
521	640	2474
3871	149	1958
2525	34	2081
617	27	3214
5214	339	964
2463	289	3945
3741	289	2537
3479	352	2786
923	419	1960
3796	351	1236
2117	351	1845
4059	323	1786
3240	289	3106
4229	912	4131
433	419	766
4331	243	3947
448	208	2782
2503	692	2065
3182	339	1412
4471	201	3721
190	926	3894
3346	289	2901
3363	289	4562
4606	352	2440
582	176	5060
3760	254	2324
3307	125	457
4695	289	4477
3914	779	4142
2534	351	1845
2637	351	2634
4699	448	1702
1795	289	1988
468	289	4463
4999	357	4154
4481	525	2697
2266	351	2634
333	357	1846
3456	779	3455
1801	642	4267
2491	351	3631
5070	351	2436
4485	351	4371
2852	289	4713
2985	635	826
3172	351	1845
4785	352	1845
153	145	2739
582	357	1845
663	454	1342
1366	351	1845
1824	289	4054
237	448	415
3108	912	4131
2459	352	1076
1614	62	1043
4447	351	2448
760	545	1936
2757	351	2933
1119	794	3884
2251	351	2980
822	289	4542
55	358	667
3801	419	766
3450	352	2436
233	448	1678
1943	289	1404
3940	351	2216
2799	366	1837
21	448	3698
3589	313	879
3592	62	2812
3084	366	4322
4869	750	3462
5072	454	1342
979	289	683
3415	752	1960
4474	351	3494
405	419	766
4979	683	2436
5178	419	766
5092	926	1919
3490	149	3399
198	243	546
2264	695	1053
1976	750	1226
4687	289	1034
318	263	319
468	640	4526
3450	912	4322
1716	352	708
2898	912	4846
2312	752	1960
4985	415	4919
4813	357	1900
233	357	2440
4482	912	3616
3259	289	855
2363	351	2979
3349	92	3884
395	358	47
4689	289	1328
4742	642	4057
2569	604	3597
1467	201	3734
2117	525	3048
4994	284	1750
94	358	69
1935	635	845
1823	677	1821
779	635	2814
2411	126	1018
309	419	766
448	208	1846
4143	779	2640
1694	204	3975
1344	404	1001
254	854	2489
724	254	1736
2243	708	4501
1842	448	1702
672	415	3663
2418	34	923
3536	38	3537
5226	642	519
2849	351	1046
4772	351	1919
3290	243	2919
1014	351	2980
3760	695	4593
3450	92	4947
4818	351	4070
1827	640	4612
1042	38	1693
3509	366	1837
2525	351	3431
3629	366	1837
637	351	1282
2463	357	1845
4470	351	1099
3924	779	3459
3863	351	1846
6	640	4267
1817	125	421
2445	708	694
642	352	1236
329	125	438
2453	352	2068
475	357	2436
3388	711	3386
3459	204	4419
1832	419	766
3118	912	3616
3303	642	457
4305	448	3808
639	351	2973
812	779	2640
2458	351	966
2271	351	2223
2071	642	4461
385	289	1323
4012	351	1845
3224	204	5046
4483	352	2216
358	289	1035
4396	289	3947
1795	419	766
998	289	1438
1298	201	4223
1388	289	1413
667	358	55
907	912	2749
901	352	1283
4685	640	5103
256	357	1845
2481	448	2703
4157	351	2163
3729	125	9
1112	284	557
3413	149	2395
5214	339	4569
1749	351	3613
4869	750	2382
1521	448	2703
592	352	2769
2334	358	4160
4626	351	2699
410	448	1342
572	351	3799
4892	750	3462
4695	125	274
276	448	1678
3629	180	2864
2309	358	1747
4613	351	1845
3323	149	2995
3640	126	2354
1817	357	1845
4642	284	4603
4239	263	4240
2389	366	2595
4261	448	34
1901	779	2714
1514	419	766
4687	289	893
2409	126	4749
811	204	4383
578	351	1967
2837	27	404
925	201	1936
4243	926	1845
430	263	429
372	926	1845
2116	683	2115
2792	351	1845
1128	149	4142
3304	289	2482
390	419	766
4888	683	3012
2603	351	2614
168	448	5076
4276	912	3616
3279	289	2637
4422	126	2821
142	358	266
1827	642	3112
4036	351	1247
62	419	766
1893	289	4638
766	779	1326
3629	34	837
4397	289	4989
3845	351	2041
4530	351	4188
62	448	1503
771	339	555
110	243	2374
3575	949	1067
3494	77	2068
3894	300	2011
1824	125	88
3623	351	1919
2441	683	2068
2481	289	534
3682	640	689
1783	357	1845
5160	912	4322
3655	926	1846
3966	357	3399
276	926	1845
3924	779	3920
3266	642	5062
1817	289	4023
3673	243	2492
5062	912	3616
1821	289	4602
1679	815	4210
2013	149	2012
4500	351	1845
1987	351	2068
4114	912	4322
3303	289	4623
2538	912	4846
3903	525	3871
1748	912	1837
1377	284	901
3856	358	4636
410	926	3176
1273	779	1082
3401	779	1931
4635	339	5009
3953	358	3040
4316	289	3043
514	351	1283
1689	289	2898
4823	366	1837
3924	779	779
397	419	766
1001	254	2668
1828	289	4544
482	419	766
364	448	210
2166	448	2946
347	677	346
1921	352	3737
3892	708	451
2379	204	3628
1783	289	2626
2016	747	3581
5178	642	2025
1710	289	5067
1900	419	1901
2002	419	766
1949	339	5042
4618	289	578
382	448	1503
4919	289	4985
1538	62	2733
2146	750	1073
638	351	1845
3941	708	704
3469	289	1020
3477	352	4091
4994	284	637
2104	351	1919
4102	357	1282
1660	352	1845
4567	502	4553
262	615	446
2616	351	1076
4995	352	1061
3678	351	2068
4785	912	4846
2968	708	2648
691	642	3119
4490	351	2137
1045	204	780
2254	366	1837
1130	357	1282
2663	357	967
1687	289	4023
4023	351	1845
0	176	2500
2329	419	3401
3238	125	259
3307	289	502
0	419	766
1732	339	4751
2275	683	1226
2431	683	4348
555	351	4188
1804	419	766
1388	243	2800
3192	351	2068
543	339	2017
2147	448	5119
2459	351	1241
822	289	2637
129	358	2413
5121	34	1900
2764	289	2268
4942	366	1837
3270	640	5009
387	357	2375
253	289	3040
3569	208	2218
1675	912	2749
618	351	2436
1789	419	766
4640	351	4064
4394	289	2311
2538	323	3286
375	342	458
5004	351	2203
198	642	453
5216	289	3098
2799	351	2634
1521	357	1845
1752	339	4821
188	640	4526
3699	357	996
3581	62	1529
2374	708	5205
2507	351	2967
1747	912	4846
1521	289	2613
346	677	345
3040	708	253
2036	351	4014
2968	323	2648
1903	289	5160
793	635	848
592	878	2669
2799	708	692
2897	387	2277
5101	204	5176
3065	419	4961
3253	640	5069
3228	419	766
1757	448	27
2523	547	5101
4960	419	4222
2352	351	2663
2336	34	1523
2279	289	4487
4617	289	2470
707	351	1946
2235	126	3767
1657	415	3673
2356	62	2767
4469	912	2750
3755	695	1382
430	642	274
3985	683	3065
4959	448	4402
2061	176	2616
416	358	3127
2842	419	766
1023	448	27
2243	912	1837
4877	683	1270
4056	351	4969
347	289	2051
3811	448	5221
3296	289	4654
4619	415	2580
1797	642	2179
4888	149	3012
1326	204	495
1120	794	1467
1827	243	4612
4525	34	837
2947	419	766
397	125	421
4008	339	1445
1750	352	1270
3682	289	689
1982	750	3703
2998	351	1845
3289	263	1783
4055	351	4943
390	448	1702
1803	243	2576
2691	34	765
2071	640	4461
508	419	766
2608	263	3247
2161	357	4188
4765	351	808
2949	351	2465
4612	351	684
1739	289	661
4305	358	396
2444	358	4566
2844	912	1837
3437	351	1946
777	357	1114
3224	635	3966
339	926	2979
1805	125	259
1298	351	1992
2645	77	4969
840	419	766
2105	912	3388
151	289	2026
797	643	3171
2381	769	3534
4574	448	4347
4072	410	2646
1452	204	2218
1376	201	3721
3303	289	4822
3761	695	925
4686	289	3089
4985	708	4919
3312	289	499
62	289	603
2765	176	3085
1066	357	1967
1752	284	4587
296	448	4404
3975	62	1694
2766	289	2268
19	448	311
1248	204	3799
1445	351	4968
3120	404	3755
3301	289	689
4340	289	3822
910	289	4060
4626	352	4774
3259	289	638
5092	912	4332
3264	243	3513
4297	352	3494
2918	446	3896
2238	769	1465
49	289	2494
1412	352	2710
274	866	89
3724	289	4610
3267	419	766
4522	351	2689
639	352	2029
4785	351	1846
4036	34	1464
5020	352	3781
4672	125	274
942	62	2228
4321	38	765
5154	752	1960
1710	419	766
556	339	1716
3119	351	3523
1892	351	2965
2246	289	3098
3665	683	3660
198	640	616
4963	149	4968
2238	539	895
568	926	1845
5070	912	4131
467	289	5050
1797	642	4276
5213	289	2034
266	358	339
360	677	4240
1833	289	3196
3250	419	766
2166	448	3531
172	402	256
2997	352	2614
2438	351	2979
4701	289	2998
4765	912	3616
2766	289	3040
3830	351	4093
3682	419	766
2501	448	3698
822	642	274
556	351	2979
4095	926	2081
3534	635	2089
3214	640	617
157	289	2346
3306	289	3091
598	351	1846
593	358	4573
4243	351	2575
451	289	3892
2463	289	2252
4093	357	3711
4941	358	631
3262	640	4603
4636	358	3831
4960	419	4961
3905	352	2440
2303	351	1845
196	926	2068
4949	815	4947
530	366	1837
579	448	4347
5101	635	5176
3201	357	1282
8	243	1431
2417	149	765
2445	27	4293
2380	204	2157
866	419	3704
3819	912	2730
2877	402	262
2582	289	4827
148	642	453
3581	208	1846
2997	352	1845
1343	351	2456
391	677	390
2897	926	1846
2413	358	129
87	448	2924
840	357	1845
2104	352	2068
27	454	2177
1688	289	2049
1083	779	1082
4273	351	2081
644	289	4765
3839	342	1066
3015	352	1846
4246	149	3966
4680	176	5115
1494	25	967
4700	289	2104
2381	357	3534
4702	448	4405
3741	176	5086
2148	912	2749
28	289	858
4095	878	2669
3469	419	766
1938	351	3012
3214	642	617
2293	683	765
1326	635	495
593	912	2749
2587	419	766
2474	351	1846
293	289	4622
2557	660	556
4636	351	2349
21	387	3664
3674	419	766
1683	27	1740
4159	323	1710
1273	779	996
2995	357	1270
215	926	4444
907	448	5119
5092	351	4160
2235	419	921
89	615	446
4441	351	2575
399	854	2148
942	62	3628
3142	912	3616
3435	357	2973
3065	419	3066
161	402	1665
2036	448	3894
4877	149	1270
2648	289	1424
514	351	1282
4823	342	347
4818	339	3437
4044	357	1846
4240	263	360
4348	357	1122
4397	419	766
4723	239	4041
1035	180	1747
3269	642	3112
2417	750	2400
978	289	683
3696	357	1845
964	88	3423
5159	351	2436
4736	779	2313
942	62	4423
3682	289	4644
1804	243	2800
1274	254	3921
3706	454	3607
4396	289	2758
99	357	765
491	289	3624
3803	351	1510
4460	415	4672
3580	208	765
561	299	2440
1321	284	2102
1757	926	2465
1950	166	953
190	351	1900
2685	289	797
1976	149	3836
3305	289	3091
2765	125	457
215	358	185
91	289	4023
4947	246	2053
2666	289	683
3507	289	2104
399	854	2691
797	201	1039
2661	351	2614
3578	77	3399
1694	493	2326
1409	912	3616
377	358	135
2909	38	2910
3843	930	4494
2852	176	5060
3172	912	4846
88	441	340
4451	912	3691
5171	351	4093
4691	289	4713
2268	912	4846
468	263	469
2522	352	3628
2480	351	4070
391	448	1702
2273	126	1743
4199	419	4736
4471	643	1759
393	926	2933
2757	351	1845
341	328	340
3359	642	817
2303	351	4943
1746	289	4531
3255	289	4544
2303	351	3631
502	351	1846
2622	912	4846
191	419	766
2884	357	923
2437	912	4846
514	357	1845
2033	708	1893
1739	289	4112
3665	149	3660
4391	642	519
327	289	3820
1246	357	1452
2898	912	4131
2708	912	4956
2257	27	49
4528	352	2068
2821	357	4422
3570	208	1282
2474	708	5204
4996	352	4981
2011	448	3894
998	289	3128
4072	410	2943
2117	410	3133
468	289	5050
4610	352	1042
4473	339	2344
324	926	2775
1747	351	2068
2858	366	1837
1675	708	5205
2105	339	1321
2582	289	4928
2257	708	239
3014	338	1494
3760	254	1082
1787	243	3902
3663	289	1404
2535	708	1218
1514	289	504
3314	289	4472
2629	912	2429
381	122	3811
2411	204	1018
984	126	2078
818	446	3896
3354	870	4513
2644	289	3678
4453	323	309
2508	352	4016
3537	686	3536
284	328	408
5178	289	2025
3378	642	247
339	448	1678
3208	926	4371
5210	27	2594
2298	149	5154
2875	448	2004
266	358	142
3243	289	1312
5159	912	3616
233	448	3698
3091	351	2436
557	284	2458
1344	352	2962
5017	351	975
403	448	1503
264	769	2163
4736	779	4737
3118	351	1845
417	448	3698
584	448	311
2331	351	4371
1752	912	4322
250	289	2920
4485	660	2837
377	402	145
346	448	1702
4652	926	825
2195	605	1468
4142	419	4143
4530	448	298
555	352	4034
4638	351	1845
3450	299	2436
2973	204	3435
195	358	216
4008	352	1270
4742	289	4520
3452	622	1664
2116	750	2115
430	419	766
582	289	2252
3649	351	2870
4967	683	3836
215	358	129
4274	351	3417
2344	284	1412
1739	243	4601
2293	149	765
1653	204	4090
567	358	1035
4982	351	4968
2453	351	2979
811	419	812
2576	351	1282
4431	368	2079
3845	339	2794
5208	289	2637
176	243	2538
1514	125	243
2033	708	4340
1752	284	4995
868	323	4703
5069	351	2170
2213	769	3628
363	615	106
2683	289	4023
1949	366	2428
2441	750	2068
568	448	3698
5020	351	1071
1877	62	1042
2960	493	2432
85	53	4091
3253	243	4460
1958	338	1735
2875	351	2699
2331	351	1845
3842	351	1846
3931	289	3181
1236	419	766
17	357	4188
518	419	766
3318	243	2800
411	854	3655
213	357	765
430	125	274
1938	339	1084
2966	204	2965
2409	204	4749
4995	352	1282
683	912	4846
3753	27	4684
593	358	129
2708	598	2674
5025	351	1076
3902	708	610
3019	289	3196
3267	289	542
282	448	298
3171	944	4494
4517	358	4552
508	243	3833
4540	351	3628
2606	204	2228
254	357	1846
921	779	2409
1720	642	247
372	448	3698
2853	660	5094
2102	284	637
3447	339	760
3536	493	4164
2629	284	4525
3953	358	2613
2312	419	1960
2858	415	3250
5011	660	481
3135	351	1845
4950	640	2251
3312	289	4653
1827	289	4056
2235	635	3767
1266	779	1282
346	125	341
403	357	1845
3372	289	4512
518	125	274
4500	912	4846
4866	683	762
4002	351	1845
24	289	1349
1742	243	2315
4369	352	2979
2187	683	3615
4473	339	1892
153	145	5004
66	448	297
3704	779	3703
3799	77	1248
1377	446	3896
3905	351	4051
1901	779	1845
2982	912	2750
334	926	4321
3396	912	4846
2691	351	2136
1950	708	1942
411	938	2147
1458	289	4472
233	357	2068
4699	642	4267
822	419	766
4928	415	433
3813	448	1702
886	419	766
2613	351	2575
2733	357	3471
1530	830	1053
8	640	1431
3860	677	3247
3036	448	298
2869	125	408
2408	493	4729
67	448	2866
3286	289	2637
3361	289	4654
482	145	1366
314	642	665
638	912	4846
215	448	268
49	289	1328
518	289	4037
1266	779	1007
2431	750	1122
3364	289	3753
2275	750	2775
505	525	4945
1034	351	2436
3254	289	586
1903	289	4491
3903	525	4867
3438	351	765
3940	352	4014
1710	243	2492
2515	289	1989
579	352	2436
3953	926	2651
3119	352	5211
469	289	2893
3356	289	3181
3220	622	4451
2965	62	2966
2217	643	5094
289	454	210
3097	912	4322
2897	358	4519
4986	351	4071
1541	34	967
1783	289	2009
2437	351	4203
2881	750	3201
3623	351	1845
4719	77	2002
3871	149	2590
2157	419	1273
4680	642	88
3763	368	1935
19	448	4347
4665	351	2786
3584	62	2029
1783	640	4603
3246	289	1657
322	642	247
4030	441	2503
161	289	3629
148	289	2534
99	926	1846
3253	419	766
1962	419	1524
2482	351	765
4204	126	2717
5024	351	1076
1786	289	4527
1804	640	2800
921	779	1944
4427	204	2967
410	342	458
3239	289	4207
1683	912	4131
3830	358	283
4002	17	65
3953	926	1846
4994	284	550
226	448	5221
28	289	1894
62	642	453
4282	419	3066
1949	352	2980
1023	27	3363
1365	352	2440
2765	289	4531
611	289	689
4472	352	2769
345	125	88
5182	351	2202
1266	779	1226
4827	912	4846
5020	352	3737
519	27	5226
2645	419	766
79	419	766
5160	366	4322
325	125	259
5011	912	4846
4388	289	537
2519	149	765
4481	511	3659
584	358	4650
1438	415	998
2952	419	1524
1579	62	793
4785	352	2068
925	352	1962
4261	419	766
1521	640	672
150	870	4513
1366	351	2068
4415	448	4404
195	358	4449
2588	176	5115
4993	289	902
3359	448	1503
2606	635	2228
554	912	4322
1824	289	4542
215	926	1845
1458	642	519
4531	180	892
4166	357	1927
1445	352	3855
3042	351	3921
1247	419	1947
3093	180	3819
295	448	4934
4631	339	927
2982	358	5182
2757	352	1845
4602	351	1845
2842	243	1407
2491	351	1845
2474	415	521
505	525	2553
4694	642	259
468	289	3881
482	419	1958
4631	284	1112
4598	351	2699
1403	366	1837
1100	339	4473
1842	289	1403
2115	95	4210
1801	125	457
2481	448	1503
190	926	3698
3267	289	597
1675	912	4131
942	62	2089
3801	357	1845
1903	642	2896
3640	419	1960
2155	779	1082
4703	357	1845
2917	357	1846
1935	204	845
3270	419	766
5182	358	4073
3230	289	2961
67	926	2448
4583	351	1070
4002	351	3621
4964	284	4525
4588	351	1846
4576	912	2749
406	938	4566
340	208	1900
2688	448	2946
579	34	1846
4657	357	1421
3360	642	2179
2666	243	1436
3188	410	2646
3228	419	921
655	366	405
1460	695	4800
28	243	4081
4600	352	4016
112	358	129
914	642	4987
4293	289	2445
4433	622	1664
3015	351	2224
1965	419	766
3537	493	4164
2580	289	4619
3239	448	4404
2346	708	157
4694	419	766
1087	708	1485
4012	351	4427
6	640	554
1938	284	555
188	289	3942
227	615	446
1786	419	766
2108	683	1898
213	938	3946
1353	351	4014
3881	351	1845
4749	357	2409
2437	352	2440
4055	352	2614
339	926	1845
5039	289	4713
2757	351	2979
3243	289	3130
249	419	766
5157	149	4188
1659	419	1968
4482	351	2980
637	912	2946
5169	779	4422
2093	357	886
659	351	4221
3964	149	3065
4993	642	247
3674	642	4276
3181	351	4221
2263	493	2432
5154	126	4099
2036	448	1383
4689	289	2565
4261	289	902
4994	284	4528
5009	912	4131
3783	289	2251
3261	642	4603
3615	419	1960
598	912	4846
2780	419	3066
540	912	3616
2346	351	2354
2260	339	3845
3693	635	1043
584	448	1383
4436	77	1060
3578	62	523
1742	419	1273
892	351	4016
514	34	1845
1713	769	708
2470	180	4541
964	352	814
2473	351	4160
4686	419	766
4503	708	403
2007	289	4061
3903	525	2275
4721	38	4722
2764	289	561
4636	912	2749
5070	912	3671
1020	351	4070
2037	912	4846
1759	352	1845
2011	351	5109
3219	338	1494
1014	912	2749
1804	125	274
530	351	1416
2303	34	1845
1892	352	2326
5216	289	4653
3958	502	4516
2351	351	2440
4263	448	34
618	351	765
1750	339	2708
3304	289	3091
4012	351	2552
4569	446	3896
1312	415	3243
1321	284	4816
325	289	2961
3902	912	4846
5210	323	2594
3312	176	3085
1664	527	2015
226	357	2979
4689	289	2928
4687	176	2500
284	441	408
47	402	174
4520	912	4846
481	660	5011
3456	779	4142
4243	926	2575
4580	92	3884
1405	448	2004
475	122	3891
1791	289	2626
3764	368	923
4103	338	1735
85	208	2068
3588	62	2532
237	854	3102
3035	448	1342
3929	351	1247
4273	351	4726
3019	289	4785
3066	492	1930
4451	351	3220
1628	62	2465
1288	794	1468
1407	351	1283
1679	769	2372
2569	747	3597
3752	351	2349
258	448	3607
4553	351	3631
4396	243	4057
3811	351	1919
339	926	2980
3084	912	4131
1105	289	4832
2519	149	2518
3578	357	3399
2274	779	1952
3827	357	3399
2805	358	592
4090	357	1653
2947	289	2620
295	351	2698
4541	660	4520
639	357	3034
3264	419	766
429	125	274
1989	351	2216
4675	289	4772
4166	419	766
4723	149	4721
110	289	2438
3447	284	3437
4436	208	1282
5017	352	1076
1122	635	4348
2592	289	623
2313	126	2395
4856	750	2043
153	145	2801
2212	769	2614
226	357	2933
1043	357	3693
3019	289	2174
3575	77	1845
477	289	4510
4742	125	88
3307	642	457
3262	243	4276
2337	34	1845
148	289	1424
2126	357	3026
176	289	598
3401	492	1930
4147	448	5119
4927	747	3597
2652	660	3135
60	695	224
468	289	530
4261	289	617
4036	351	1846
5013	640	4548
1976	683	1226
4471	352	2967
818	34	3920
4327	289	1365
630	357	1283
3655	358	411
4961	779	3065
2493	448	298
5092	926	4160
1683	27	1774
3515	912	1837
3174	149	1743
2008	351	765
3827	357	1282
5216	289	4620
394	448	3607
4387	289	2363
2188	149	3615
346	289	2051
4688	419	766
1636	62	3613
2155	779	2606
2668	357	2640
3040	351	5101
1524	779	1962
3644	779	3459
206	448	4523
2058	357	3920
2273	204	1743
2637	446	3556
297	480	290
1669	779	4142
258	926	2440
1950	166	5031
3495	912	4846
2813	683	2812
738	149	2395
2270	652	3659
543	339	519
2071	289	4531
417	912	4332
2379	635	4064
1992	357	750
1437	643	3477
2668	357	811
3159	77	997
1789	642	243
3580	208	1846
2507	358	3193
345	176	3085
3123	351	1845
1949	352	2979
4989	27	4397
2496	94	3455
4892	683	3179
21	926	2436
907	358	168
2503	351	2933
2274	779	3640
468	357	1845
4222	779	4221
3305	125	457
4576	351	2341
4574	926	3482
793	204	848
246	289	2961
4677	289	1349
4574	358	3146
5182	94	2202
1270	126	3613
3753	27	3364
4742	289	4057
424	125	453
4569	352	1967
4696	243	4276
4329	289	2844
3295	640	540
4654	415	1820
153	358	401
305	854	3971
2875	448	2866
4473	339	3448
492	419	1968
284	328	223
429	677	430
1907	695	3015
3043	351	826
19	448	3698
527	176	5115
4694	289	580
3509	352	2436
4154	204	4999
176	642	274
593	912	2750
2107	166	953
2034	342	1486
4742	419	766
4300	289	4490
2335	351	1054
613	351	1464
3892	351	2976
4959	145	3167
4941	912	2749
2148	358	399
81	769	3176
4917	419	4222
4369	351	2710
996	204	3699
2192	750	3836
4995	446	3896
2441	149	2440
2594	289	5210
233	926	2440
3536	62	3537
2613	339	2557
2910	686	2909
521	243	2474
3696	357	1846
60	695	204
557	351	3737
2195	468	4553
242	448	415
3968	339	5069
1938	352	1270
2274	779	1127
3649	34	1967
3456	779	4197
724	254	2668
818	351	3921
475	846	3891
3293	289	2494
3644	779	779
5011	352	2440
2557	912	3616
1641	208	780
3772	660	587
2108	683	1282
2195	807	1287
4696	642	4276
3250	243	2364
683	912	4131
3729	289	1323
1750	352	3613
4092	357	1845
561	299	2068
3295	289	2034
468	640	2896
547	352	2967
822	642	4276
4056	912	4846
4742	243	4057
3881	912	2730
3396	323	1832
1752	865	1836
5013	289	4548
4605	339	3438
3346	357	1845
3477	351	1845
4061	351	4371
502	351	2436
3352	289	1403
1753	708	5204
4695	289	3812
3673	419	766
2335	351	1659
3827	228	1246
4742	289	3098
1796	642	247
1976	149	1226
202	926	1840
4222	779	4960
5042	284	554
3975	38	1694
1001	695	2845
3308	289	3945
4023	351	1099
3269	289	3509
2148	34	1846
1830	125	438
1347	351	765
1476	640	3084
2039	358	2272
2875	448	3893
2445	351	808
2431	683	1122
4604	926	1846
2061	289	5055
2717	357	4204
29	289	3167
5170	357	1082
3270	176	5090
4722	204	4721
3678	366	1837
406	342	4566
3105	926	2029
2307	38	3054
327	289	3942
2398	640	4369
293	243	1333
586	366	1837
3912	683	1007
327	289	4616
1817	419	766
2603	351	2980
855	708	692
4680	289	4713
2159	419	3924
925	34	1523
1053	352	2991
452	615	408
620	352	4981
1445	352	1066
907	912	4332
1064	419	4143
886	622	1664
3112	323	1785
477	243	1987
2238	769	4423
3903	525	733
3477	502	1437
1004	94	1286
644	289	3820
1778	289	4827
3651	448	4404
866	338	1495
4494	643	4516
2842	289	4772
397	289	5161
2380	635	2157
3810	410	2697
4679	243	4055
3353	289	1683
4273	817	3388
3763	368	1508
195	358	3888
5214	339	760
148	640	4665
1641	357	1665
3265	289	2920
556	446	1852
4362	409	1246
1965	357	1845
4634	284	2260
183	289	2494
29	402	145
3939	34	4188
4229	366	4131
4634	284	2525
1035	351	2979
4749	782	712
384	289	1748
3623	912	4846
5070	351	1846
1807	289	4619
155	854	4941
2873	351	4160
4423	357	1465
3821	351	1845
630	352	3464
2565	351	3462
5210	351	4655
3108	351	765
2137	635	2456
5226	289	2537
1353	352	2440
4520	351	2634
1113	419	766
3905	351	967
2287	870	4513
3234	289	2271
2453	351	2980
3892	415	451
3581	208	1529
5182	358	2982
2636	351	3773
4552	351	4044
3450	352	1846
4892	149	3462
3097	912	2946
2766	642	4665
507	912	2730
5070	339	4473
2279	289	2033
4522	351	1845
3172	352	2769
322	289	2311
1344	404	3925
4544	351	3416
276	926	4151
2538	351	2979
2274	492	1930
5022	352	2440
495	357	1326
103	448	5119
4432	419	1968
554	34	4264
2499	660	1986
4618	419	766
3240	289	1014
3196	415	1833
3814	448	2004
4613	912	4846
518	289	2494
508	448	4405
417	926	1099
5127	62	708
2311	351	2784
2995	419	1273
530	415	2594
1823	289	2920
1892	865	2427
3821	366	1837
1458	125	439
2238	539	4337
3872	711	3871
3308	357	1845
2389	366	1773
3795	912	2749
4196	338	1735
4395	125	438
1764	338	3916
3640	204	2354
3972	357	1659
1113	419	1273
1408	284	3114
3372	357	1845
2625	34	1845
3188	652	4242
3977	750	4760
4982	351	1046
3229	125	438
1938	448	1702
2493	448	297
4544	351	2081
1070	204	2726
2625	351	2689
1856	484	1045
2631	351	1046
442	289	4278
568	358	2363
584	352	4427
1801	289	4531
3651	125	455
925	912	3691
293	642	421
81	208	3176
1105	419	766
1772	289	2622
472	351	2575
2033	351	2782
2491	912	4846
4052	750	4051
3940	351	1845
5009	352	5211
508	289	4596
4469	448	4347
1947	779	1247
3897	289	502
3314	642	519
5208	289	2893
997	204	3159
1407	352	2440
821	289	3192
610	243	3902
4008	912	2429
4569	352	3975
4587	339	4631
4369	352	2980
623	912	4131
2448	635	2976
4654	366	1837
2108	750	1282
2037	351	3482
4273	351	3416
2458	284	2794
405	870	2024
902	912	1837
3009	352	3054
410	448	1678
3077	351	2029
309	176	3814
318	289	531
206	448	105
1949	448	2429
4722	493	3626
3971	358	2894
1465	204	4423
3495	351	2081
2055	351	2436
5055	351	2980
2012	357	1846
406	926	2979
3246	419	766
3264	289	3956
2260	448	1470
4608	643	2853
2558	448	26
4470	643	4571
1894	708	28
3783	448	34
3814	912	2749
308	448	3607
191	642	457
1938	34	1270
3305	419	766
1835	289	1413
115	122	2493
840	338	1495
3142	352	2440
2875	448	4972
2826	284	1321
4229	415	5113
3130	27	3243
4070	77	2689
4143	779	1114
3314	419	766
1388	419	766
5017	351	3714
4541	180	2470
3673	289	3842
3303	289	5067
151	642	439
5214	284	2708
4587	351	1032
1810	289	3819
1774	243	3513
1752	598	3896
3261	125	274
1683	27	3353
3810	525	2697
168	846	66
1034	912	4846
1683	323	1774
4548	351	1845
206	448	4934
2008	352	997
822	125	274
266	926	1845
586	912	4846
262	357	1845
3270	289	4626
758	502	4466
3409	94	750
3806	351	3435
1786	640	2800
4114	351	2412
4941	358	4305
85	769	2068
3346	640	3118
2079	635	3668
4153	357	1967
2582	357	967
4321	357	1846
2587	176	5115
2897	912	4332
508	448	1702
2541	525	2443
3307	289	3822
396	926	765
505	511	4242
2458	352	2029
3525	493	2432
3015	351	1270
3038	448	2946
1802	243	4276
5160	366	2746
2625	448	4035
4473	351	1498
125	289	4622
161	289	2331
4550	708	695
195	358	393
610	289	4487
4635	448	1702
3372	289	2049
4703	289	531
555	27	4042
2195	794	1468
258	448	170
855	351	2979
4942	94	1845
4729	204	4968
3127	351	826
2008	912	4846
3807	149	923
309	289	4453
1759	351	1845
1350	448	2177
2626	912	4846
2105	351	4760
3475	357	4221
2983	351	3220
2587	448	2289
4153	493	4729
4431	368	4422
4886	683	779
3261	289	5067
3084	351	2203
1119	605	1468
3462	126	2043
5022	351	3024
4994	284	1732
3355	642	274
2055	912	3616
2235	204	3767
3654	351	1946
66	912	2749
2179	912	1837
593	34	1846
4739	352	2375
1014	366	1837
4687	289	1438
284	441	223
148	243	4665
433	289	4928
2117	157	3133
3356	289	561
2437	351	1318
3214	289	617
1821	448	4404
4576	448	5119
3321	289	3822
345	289	2051
2648	289	2968
2786	526	439
3188	652	3659
4147	351	1075
5022	351	3410
3575	357	1845
4687	419	766
3894	300	4650
4638	351	4371
1843	357	3640
4451	201	3734
2666	289	1985
505	692	2065
3446	352	2767
2243	912	3616
547	201	3721
1514	289	4620
4711	640	4629
3752	446	3893
514	166	5031
3229	642	3119
4513	912	4322
4369	34	1845
4071	357	1845
4550	351	1845
4618	642	88
4959	289	567
2061	642	5106
4036	352	1464
393	351	2979
3235	419	766
1764	126	5117
88	328	340
4274	747	3584
2146	239	4041
540	351	765
3263	243	4588
3801	263	3802
2011	358	5182
1288	794	3884
2813	750	2812
4711	419	766
2844	912	3616
4689	448	1702
3729	243	3833
4936	366	1837
4525	352	4969
125	289	1062
3955	358	195
2499	912	1837
618	94	765
1305	448	2177
1018	419	3694
957	683	2779
475	448	298
2804	448	3607
3359	448	2289
247	441	408
3741	125	274
4823	351	1845
4632	352	4034
4696	176	4564
4636	358	2875
3819	351	1846
1042	493	2124
4056	351	2645
8	642	1431
3208	351	2979
5217	289	587
2582	289	632
3235	419	1273
644	289	4506
5013	289	4550
555	912	2946
4516	502	4494
127	289	2034
2917	419	766
3903	525	3490
1349	351	2216
4011	149	1946
2670	289	3135
27	480	2177
3916	25	1927
3471	126	2733
3581	208	4188
3253	642	243
2437	352	2068
198	448	4404
2538	415	3286
3290	448	34
4147	358	142
2148	912	4332
404	289	2864
213	926	2436
482	145	2626
168	854	907
2463	263	2977
2331	912	2730
190	480	202
3676	289	5004
2858	351	3433
1833	243	4594
4522	352	1845
49	640	2257
616	352	2068
5216	419	766
967	338	1494
333	642	88
375	448	663
5046	357	3399
3172	351	3482
27	454	210
2274	779	3455
2965	38	2966
3260	677	3261
2347	351	1247
691	289	3396
3623	366	1837
424	357	1845
942	62	3081
4684	289	3753
4094	683	3700
2337	352	2979
3827	357	966
3660	357	1846
4553	92	1468
4237	640	3941
2008	351	1846
3508	243	4057
4012	366	1837
879	77	2575
4164	208	2668
4530	352	765
2799	912	4846
2195	794	872
291	402	262
3208	448	2004
934	419	3401
3246	642	4612
672	323	3663
5062	351	1845
3549	62	4044
3250	289	2858
4438	208	2634
3930	642	665
2460	352	2980
3870	352	1967
505	511	3659
2757	352	2068
3222	752	2219
4046	149	4044
4188	204	1529
5004	351	1845
4147	448	26
2794	351	1846
4688	289	3844
4612	415	3246
3447	446	3896
3830	912	1837
4135	357	3222
639	352	765
98	122	4576
2629	284	4008
106	357	1845
623	180	3192
433	176	2500
1321	912	5032
4760	357	1282
4528	351	1952
4696	419	766
1641	208	1665
2766	289	4544
448	208	2436
249	448	2289
172	289	507
3384	243	519
3651	448	2289
1742	640	2315
1408	448	2946
5074	77	2216
3239	289	1014
2826	284	1752
4243	351	3176
2035	351	2440
567	27	4959
1083	779	2079
4693	448	1503
616	912	4322
346	640	4283
2557	351	1845
333	289	4627
3629	94	837
2309	358	1035
403	642	2027
1802	289	3822
3136	410	2443
4979	149	2436
3279	243	1343
4331	419	766
1407	708	5205
3971	358	305
2303	692	2065
1886	92	3884
4524	201	1936
2826	352	5046
1893	176	2616
7	289	4804
4388	289	1365
4316	419	766
5181	525	2519
47	638	2571
3124	284	514
4391	289	3905
2961	351	4427
1114	126	4109
4438	77	2634
1797	176	2179
3830	926	3711
7	642	88
1400	176	2337
1892	339	927
3912	750	1007
3114	352	2979
4950	357	1845
1684	769	1247
770	448	190
3894	300	396
1016	683	3065
19	352	2833
814	204	813
333	289	3822
4470	352	2979
4602	912	1837
1752	351	1659
3881	351	2068
297	480	26
4188	622	1664
4466	201	3721
2147	351	2436
4723	511	4041
941	289	4620
3958	643	4608
4394	402	256
213	854	3946
2832	357	2448
5216	289	2033
2346	912	4846
2251	366	1837
2515	125	88
3946	448	3893
766	779	2312
3317	176	2616
5057	419	766
1388	642	2800
2260	339	2105
4723	149	1967
3264	642	421
1989	415	2515
3206	402	256
1968	779	2995
2459	352	972
618	366	1837
1826	289	2141
2174	351	3482
1082	204	904
94	358	361
3438	352	2436
1521	640	4667
3810	652	4242
2792	351	3482
1835	289	2858
373	938	3752
4274	351	1846
94	351	1032
1894	351	1845
2800	352	2068
4996	351	1076
2682	289	5159
3279	176	3085
3363	419	766
1789	289	507
3693	204	1043
0	357	1845
2275	683	2775
3941	912	4131
4936	912	4846
5094	817	1492
5050	351	3482
0	125	147
7	125	341
4685	243	5103
188	419	766
5050	351	2170
3242	640	623
1347	34	765
4686	243	3122
1774	642	274
2246	243	3941
586	351	2575
766	779	3228
1410	352	3054
4466	92	1468
154	289	4207
3589	208	879
5106	351	4160
4942	351	2440
2315	415	1742
2881	683	3201
2453	352	2769
196	448	5221
47	243	4713
3346	419	766
537	352	2436
1835	419	766
4772	352	2068
4959	145	567
3615	752	1960
1388	289	681
3253	289	561
2891	358	2982
1324	366	4131
1843	357	5154
3655	926	2436
845	357	1935
669	419	766
984	204	2078
137	358	2272
4518	351	2933
2794	352	3452
99	358	103
2027	415	28
2640	338	1735
2192	149	3836
3171	944	4608
4008	339	4473
3995	149	2965
1764	204	5117
4576	352	2436
3363	125	9
1347	351	1846
59	695	224
3254	448	4405
1683	27	610
467	677	469
198	419	766
3456	779	3462
1121	794	1467
2373	448	415
884	352	2995
1812	289	4452
3801	289	3840
3741	419	766
4623	342	1485
3286	289	2388
4396	125	88
1100	352	4034
1795	448	2289
93	769	2786
2272	448	4523
4154	635	4999
3729	289	4115
3760	254	2079
1743	357	2273
393	358	4739
2947	289	4708
921	779	2235
3903	34	1226
4147	358	66
4687	289	4447
3510	493	4729
2033	351	765
4517	358	213
3724	419	766
1732	339	1716
3065	204	708
2141	527	2499
3106	351	4051
2474	708	521
564	289	2268
4522	912	4846
429	263	431
3314	243	519
1412	339	5089
3114	358	2444
4220	419	766
57	448	3607
4321	357	765
3894	300	196
4229	351	1845
1816	640	4713
1804	289	1413
393	358	2501
3830	358	2272
683	351	1845
2016	351	765
3188	157	2646
4989	415	4397
587	351	2976
212	351	2979
4569	34	1047
3054	419	766
2487	351	1845
3680	351	2979
3597	62	4160
1944	419	921
1708	289	618
5117	357	1764
1732	351	2979
2920	351	1845
3461	77	2002
4552	448	2866
168	448	156
5217	289	1404
3680	708	220
77	289	3821
840	622	2823
3401	779	934
1812	176	4565
4995	351	1282
3063	289	4936
1722	642	1431
253	419	766
121	208	4092
4186	176	2179
3455	635	1117
1832	289	3396
3108	351	1846
1004	404	1001
2924	454	1678
377	358	29
1003	912	2429
3372	642	453
2293	149	2292
2576	415	759
4207	912	1837
2343	149	4348
0	289	1776
3247	357	1845
2374	351	2218
2765	243	4665
491	125	274
3940	912	4846
222	328	408
4487	415	610
3729	289	2505
1298	351	750
4274	747	3573
1894	351	2440
2155	779	2312
2558	448	5076
4549	352	2769
777	357	811
4618	289	2555
254	448	1678
1809	289	3819
3870	34	1967
1739	289	4644
249	357	2440
3091	94	765
2961	366	1837
3259	640	4982
1363	352	2440
3102	358	237
4618	125	88
103	926	1845
1824	289	586
4944	289	902
253	125	9
4166	338	3916
2036	926	2068
390	125	457
318	448	2289
1112	284	4994
4453	415	309
4292	677	5208
2023	525	2943
3569	357	1452
3803	351	2742
4316	289	2036
4588	352	1845
4725	149	3920
4445	358	2501
3597	77	1919
4316	642	88
4055	352	1845
550	351	4221
3181	27	3356
2389	366	940
4638	351	4085
1732	339	901
4261	289	1998
3763	368	750
2011	351	2665
4652	448	4523
2016	166	1095
4229	708	5204
2389	352	1270
1946	357	1464
3556	208	2634
2093	357	3415
3924	492	1930
1405	358	4650
3849	351	2614
1514	357	1845
3629	351	1032
996	419	1273
482	145	4480
2246	642	88
2917	289	3943
3450	34	765
212	446	3894
984	635	2078
1764	635	5117
2961	323	3322
4866	750	3920
3279	640	2637
2521	493	2115
3038	351	3921
4052	750	967
2034	366	1837
665	912	4131
579	351	2436
3279	289	3956
477	419	766
4273	34	2081
1754	339	964
2460	912	3388
1675	351	1311
2948	201	1953
4267	415	6
3851	358	98
4968	493	4729
4516	708	1218
2418	351	3907
377	419	766
1114	204	4109
1921	339	1950
4548	912	4846
1603	62	1315
274	615	446
4545	352	3613
3845	34	1846
3019	419	766
2417	683	765
188	289	1357
1458	243	519
1241	357	1282
1679	539	2211
1130	95	4210
2948	393	2653
4490	912	4846
423	448	34
4650	448	2004
3920	635	2962
1965	289	4056
406	926	1845
2557	201	1936
4680	448	2289
99	342	1498
4170	77	3482
2565	351	2043
304	357	5154
4941	358	593
2507	351	4427
2487	351	2440
5000	660	1660
1112	284	1084
5057	289	2803
2106	284	4274
4204	204	2717
1113	357	2081
2107	351	2933
325	176	5060
5022	352	2068
3015	352	1422
2691	448	311
3658	284	927
55	854	667
1344	94	3921
3754	695	1298
3863	352	2436
2762	351	2002
49	289	2037
3308	357	1846
3674	243	3936
318	357	1845
2154	368	1465
1821	289	4622
2016	34	1846
347	289	4823
103	342	457
2117	351	2980
3583	62	2012
3946	448	5119
5169	779	2079
3515	17	154
2228	357	2606
3307	289	2482
2039	358	568
4947	815	4949
3588	208	2532
4494	502	3843
3309	289	3822
2482	351	2436
2254	342	692
4485	912	3616
1901	779	967
2115	357	1282
598	351	2436
2613	878	2669
129	926	1845
754	284	1892
254	926	765
3238	289	3106
1437	201	3721
4482	912	4846
491	289	3753
2982	878	2669
383	289	1748
3680	351	2216
4529	351	4016
200	358	3127
3851	448	3894
1445	339	964
81	208	2575
1812	448	4405
295	912	4332
4422	635	2821
4060	351	4016
3297	419	1968
144	769	2575
397	289	2253
2034	351	2663
3755	695	3120
3312	125	9
1349	912	4846
1273	779	814
957	750	2779
3853	352	1066
2998	660	3623
3240	125	259
3243	419	766
1119	605	3884
3810	410	2943
1452	126	2218
750	126	1992
4721	62	4722
775	289	4490
3811	912	2749
4530	448	5119
191	176	2179
1344	166	2295
3112	323	1514
1826	448	1503
1750	865	1836
3405	683	2395
855	351	1845
1783	289	5067
2493	351	2979
638	352	2440
2389	366	1391
2691	448	2866
1460	254	2687
3972	351	1054
2615	351	4102
3830	912	4332
3877	642	3119
818	448	3671
47	640	4713
1412	912	1469
4947	357	1846
4652	912	2750
7	125	88
4056	351	1845
1288	605	1468
3863	912	1837
316	769	1498
942	62	2821
4765	912	1837
2576	37	759
12	289	2055
5178	243	2025
1774	419	766
505	525	3177
3912	683	834
3415	419	1960
253	448	2703
13	289	3106
2315	708	1742
1799	289	623
6	642	4267
4442	94	1900
226	926	2979
2155	779	2079
333	243	4081
3108	912	1837
237	926	2440
1812	640	4565
3663	640	672
4351	289	2622
1377	448	2946
4785	912	3616
4094	750	3700
2179	351	2068
4056	912	3616
3246	243	4612
2121	493	4164
4340	289	2033
2335	352	762
1641	62	780
817	415	3359
4603	351	2068
2055	351	765
1657	708	3673
921	779	4220
3229	243	519
3894	300	254
2934	441	195
3679	660	4487
3298	289	3509
4921	149	3966
5210	351	1845
4685	642	5103
4981	357	1282
94	912	2750
2977	289	3945
2557	352	2440
582	289	3945
3471	204	2733
921	779	814
3894	300	375
67	926	1845
1246	357	1270
2270	511	3659
3019	642	629
5095	878	2669
2668	357	4197
4686	642	88
4620	351	946
4619	323	1807
3303	419	766
1832	289	3863
406	358	535
4694	289	570
2279	419	766
3970	358	3655
4544	912	4322
3035	387	2277
2043	357	3462
3259	243	4982
1377	352	1270
724	254	2560
759	640	2576
226	926	2933
2275	750	1226
4765	912	2730
1070	419	766
1789	289	3892
3318	642	2800
2328	149	1043
4049	351	972
3569	62	2218
5021	642	519
3972	351	1659
1413	27	1804
3455	126	1117
424	640	4572
3946	448	5076
3471	419	1960
4709	660	2037
4916	351	1665
4654	323	1820
4939	357	1967
3306	289	3108
3286	176	5060
1429	351	2634
1377	284	4634
3208	448	2866
964	351	814
413	342	2012
3763	695	925
4143	779	2273
5159	351	765
942	62	4064
3044	352	2218
21	448	311
1675	351	1114
1060	338	1735
404	289	4498
2002	204	4719
3696	289	2928
2417	750	765
3711	204	4093
220	289	3680
1947	492	1930
2881	149	1282
587	34	837
2482	323	1513
543	339	656
236	448	298
2631	342	1485
3363	176	1023
1087	708	5204
719	640	4276
2998	912	1837
3682	642	689
94	912	1837
4422	204	2821
3181	27	3931
2198	289	2008
1365	366	1837
1801	448	4405
3678	27	3369
1398	352	2440
855	660	2660
1521	289	902
2820	126	3081
661	415	1739
202	351	3222
3801	357	2665
2293	750	2292
2061	289	661
2875	34	1845
5039	289	4002
1797	243	2179
387	926	2375
3985	750	3065
1759	502	4471
537	351	765
3456	779	2273
1732	339	550
2767	77	2980
4795	750	3222
4664	351	4981
3437	352	1270
367	289	2347
3821	180	5078
2499	366	1837
2910	204	2909
4877	750	1270
153	870	2636
3947	27	4331
2381	769	1954
4680	289	4520
5092	448	5120
382	243	3118
3931	642	665
452	441	408
5021	419	766
3851	387	2277
3446	351	3482
1409	912	1837
3250	642	2364
2814	357	779
587	351	2448
3823	289	4487
237	358	242
1407	323	2842
333	642	243
5226	419	766
868	351	1465
2049	366	1837
1500	357	4142
3142	34	1967
550	352	4221
327	640	1324
4916	511	2138
1848	448	34
4408	77	4969
2741	357	1944
4114	352	1270
4650	926	928
1938	284	616
4094	683	4758
4045	683	4044
724	254	986
3309	263	3307
3250	289	4469
1715	351	1283
4073	878	2669
4427	419	766
3724	243	519
2794	865	1836
2091	352	1967
2313	204	2395
2010	351	1046
2445	351	2784
99	357	4044
4688	125	243
1785	243	3112
4613	912	3616
5160	351	3417
3142	352	1845
5208	289	891
49	289	2347
154	640	4635
305	938	3971
3760	695	3843
4059	342	2800
4408	357	1845
4466	643	758
5121	351	2163
1746	289	2055
593	358	212
1218	357	3065
3346	176	3085
857	351	2980
345	289	1404
2706	708	4703
2251	351	2979
239	243	2257
2254	351	966
3065	126	708
3235	125	9
2792	912	3616
3469	357	1845
381	846	3811
4196	126	2922
5006	351	4164
3195	878	2669
2613	660	1324
340	769	4813
2441	683	1845
35	448	415
4513	17	3354
4243	926	3176
325	243	3122
1660	351	2979
4604	351	2436
4418	289	1349
1515	145	1366
154	289	3515
2729	204	5079
176	419	766
2049	351	765
2219	779	1900
3372	289	3427
3471	635	2733
405	289	655
327	176	5115
3763	254	2560
5094	351	4160
1675	351	4212
3396	708	692
4395	289	4626
4686	289	2258
2881	683	1282
2554	638	4107
3257	289	2254
4316	125	88
3123	912	4846
5160	366	1837
4967	149	3836
3952	358	3114
868	708	4703
1034	415	4621
3952	448	298
4964	339	818
3274	642	4713
3038	339	818
283	351	2645
3762	695	4608
4635	339	3968
2852	642	9
2246	289	2555
276	357	4151
515	708	4711
3998	366	430
269	448	2924
2344	339	760
2246	125	88
921	779	3228
475	357	2651
2507	448	3698
411	846	2147
3752	878	4430
5103	708	4685
4959	419	766
1579	410	1614
5079	77	2729
403	642	88
3985	750	2780
2039	358	567
4638	415	1893
3776	357	3703
1965	125	438
1122	419	1123
540	415	3234
3537	204	3536
191	125	457
1270	204	3613
4695	419	766
4626	912	4846
394	358	258
4519	448	311
3580	357	2292
3569	208	1452
1801	640	4267
2268	351	1919
79	357	1846
914	176	381
4843	289	4061
4516	92	1468
401	870	2636
334	358	168
4349	254	1247
1832	243	1407
2534	351	2979
3084	366	4131
4055	912	3616
733	683	2694
1018	357	2411
2708	351	1270
3208	912	4332
4072	410	2443
2418	410	3056
1114	419	4143
4964	284	571
1653	126	4090
1329	351	5079
1045	635	780
237	448	5076
4494	352	1845
4036	448	3669
2274	779	966
4620	323	4852
3663	243	672
1362	448	4404
7	357	1845
1403	351	4943
397	243	2257
243	769	2769
4950	289	2251
1403	351	3631
584	358	4779
4519	352	765
191	289	3022
2071	289	2243
2997	357	972
3235	289	4550
2983	708	1218
176	289	2838
3977	683	4760
5204	357	1967
5018	352	1283
2897	448	3893
258	342	4423
266	357	3433
1748	351	1248
3998	34	1523
3253	640	4460
1266	779	923
2765	263	3272
404	243	2837
2494	708	695
4460	323	4672
1326	752	766
1748	912	2749
2948	351	2550
3603	208	4981
2491	366	1837
1119	794	1468
2534	351	2933
2648	289	2566
2260	339	4079
86	289	5050
1324	660	2613
4052	683	4051
1524	492	990
2419	357	4197
3463	779	3462
4249	289	4487
3898	351	4729
354	640	4603
4823	351	2068
4507	351	2699
202	926	3894
1636	62	1315
4042	34	1846
2470	912	4846
3827	357	2367
2501	342	252
4696	642	421
3188	511	4242
1832	642	1407
406	448	1678
2409	419	921
1377	34	1270
4470	352	2980
4928	352	2614
3377	448	1503
325	289	2027
2948	351	4104
4045	149	4044
3136	525	2443
3172	912	3616
2499	351	3053
375	926	1845
3941	366	4131
406	938	2444
3998	94	1523
4979	149	765
4711	289	3107
4138	284	1950
574	289	4278
914	289	2476
1246	357	3399
372	342	458
616	351	4160
737	683	5046
4601	352	2068
3026	635	2126
3904	352	2068
408	769	2786
3509	352	1846
115	846	2493
630	404	1001
4866	683	3920
4522	352	2068
2438	660	4483
4057	912	3616
1430	284	3939
1003	284	1750
2898	351	1845
1965	289	3904
4060	351	2068
3961	180	2558
1266	779	2081
631	358	593
2352	448	27
5083	284	3437
554	352	2208
2922	419	1284
1324	351	765
1365	351	4089
4472	708	1458
4397	243	1407
2090	157	2697
293	357	1845
2013	750	2012
151	243	3902
354	642	4603
4220	419	921
3098	27	4742
5057	289	2507
582	289	4366
3810	157	2700
1404	34	837
3142	351	1046
2163	357	1900
1445	366	3669
1273	779	793
5213	642	259
4608	351	1845
4327	243	1655
1246	357	1282
477	642	88
4061	912	4846
4164	357	1967
4525	351	2634
4869	683	3462
4942	351	2068
4569	351	765
2758	351	2933
4396	640	4987
529	289	2049
1108	339	5017
2016	299	765
766	779	3615
1795	642	457
413	357	1946
3438	352	765
274	866	275
2983	352	3220
1759	351	1099
2090	525	2697
2979	62	2980
4602	27	1821
2770	351	1315
1321	339	927
3181	94	4221
3135	708	3281
66	448	26
2910	493	2432
2982	358	416
4964	284	4994
2221	419	1947
2218	419	1453
2272	708	1216
3286	243	2538
2625	448	3531
3644	779	984
3313	289	2347
3354	289	2491
1802	289	2347
3358	640	2919
2976	493	2448
4305	448	4523
4634	339	4528
3821	912	4846
1824	419	766
2587	289	2839
2853	930	797
733	149	2694
3660	38	765
811	639	812
4419	357	3459
4012	912	3616
540	912	4131
4531	912	4131
1421	204	4657
3093	351	2933
4850	289	2998
5094	660	2853
3109	352	2821
1013	149	1130
4129	358	4095
3235	448	1503
587	351	1845
3312	243	4665
4138	339	927
3261	357	1845
3842	352	1659
2301	493	2432
4197	126	2419
3649	912	3671
3308	289	502
4604	358	3953
362	615	256
2272	446	4347
555	448	1702
4959	402	107
3296	243	2538
5011	351	1845
3905	351	2975
707	284	4278
3396	415	1832
2997	357	1845
196	926	1845
4395	289	1409
2254	323	108
1950	352	2436
274	328	446
2982	926	1236
4699	357	1846
1053	351	2436
4207	351	4044
161	289	2864
637	352	1659
5043	284	4635
452	421	3479
4508	448	2004
191	243	2179
3649	912	4322
1515	402	262
3296	289	3943
5083	747	3556
2947	289	4061
4485	351	5164
639	958	3044
4602	912	4131
2852	642	4461
4695	243	2800
4109	357	1114
3308	289	600
2384	410	2646
3845	351	3021
1764	338	1494
3023	635	2375
2061	357	1845
5208	263	4292
2507	926	4427
1660	352	2979
2515	289	4247
665	351	2979
2071	289	590
956	638	4107
4466	351	3631
3912	750	834
5020	554	3781
3455	419	3456
3220	635	1315
2922	419	3456
210	300	364
4500	912	3616
689	660	3837
2909	62	2910
2503	351	1845
4519	351	3433
4613	351	4091
2459	94	1286
220	289	4827
1517	289	3192
2820	635	3081
249	357	2068
4964	284	2458
491	419	766
1541	149	4051
3112	415	1785
3085	912	2749
2438	660	5055
579	448	4523
1407	415	2842
3803	351	2069
212	448	3698
3106	912	4846
3305	289	2482
1099	635	1101
3332	547	5101
1428	352	4016
3842	660	1657
3753	352	2216
914	289	2531
5214	339	3939
1826	419	766
66	926	1845
5159	912	4846
3314	289	3199
4259	683	3703
3945	180	2252
4964	339	4995
