379	448	1678
2361	642	9
1807	289	2258
1408	284	3506
1375	77	3460
3955	358	3888
2266	34	1845
3894	454	2866
2166	352	1846
3783	289	4647
52	289	4506
1962	204	1912
348	769	4813
831	642	1655
1259	419	766
1828	289	2051
4607	643	2823
538	352	1845
2166	34	1846
3414	338	1495
3512	358	155
4043	708	5205
96	642	4653
1120	794	4335
16	289	1913
1504	357	1282
2014	352	4774
5051	357	2081
4294	289	5085
361	912	2750
2309	912	4846
3554	208	1032
52	125	88
2344	284	1100
324	926	1226
1352	926	752
3694	779	2394
1831	243	868
5122	149	1529
3593	62	3225
2444	912	4846
3292	642	457
4283	351	2979
2785	683	2783
4551	912	3616
4739	448	5167
4634	339	2344
4476	34	2651
4425	642	88
411	926	2436
4797	779	2081
22	357	1845
3643	750	1945
3290	289	2895
1991	358	87
3371	357	1846
766	779	4951
4018	357	1846
4130	926	4371
476	342	458
2150	448	3894
4283	912	1837
4286	683	1270
2353	351	1845
4646	351	4345
3427	351	765
4275	912	3616
629	352	1845
319	448	2289
3272	289	2707
3198	339	1100
5064	149	4424
61	448	5119
1810	125	439
324	357	1226
3694	492	1930
5165	750	1845
3643	149	4435
5007	351	3460
277	769	2979
4593	643	2362
3354	289	1520
108	243	2229
4577	351	1845
4821	865	1836
1715	352	5211
522	351	2979
4433	419	766
1004	357	3008
4770	912	3616
261	448	5076
1791	289	2009
1650	695	2787
3240	289	2788
3136	410	4162
3022	351	765
1706	289	499
570	351	997
1371	351	1932
1688	419	766
2686	289	4037
485	357	2081
2107	351	1845
2569	352	4091
641	34	837
1879	62	4051
4287	149	3882
2785	683	765
310	926	1845
1464	419	766
324	448	268
2615	284	2460
2201	208	520
2334	366	2746
967	635	4051
1685	289	4622
631	448	5221
5042	351	765
4922	415	4679
2637	912	3616
3614	289	817
2109	366	1884
3486	779	3534
4710	448	2866
2229	708	108
3156	448	5076
2093	357	3540
3809	357	1282
3449	357	1845
2581	352	2436
3505	366	1837
3290	125	455
3294	289	2253
5113	289	2855
1121	794	4949
2713	351	1032
2349	357	1846
2514	750	765
5116	34	1452
3275	243	1436
3131	77	2203
4994	865	1836
1336	351	4309
2267	34	2973
2668	357	2348
4392	243	4594
2072	419	1273
570	351	1845
1424	180	4653
4210	769	1071
4453	351	4371
376	926	2436
4452	323	820
3356	642	218
4895	750	3913
1425	357	1846
4768	750	4767
4218	779	3457
3586	208	3399
2384	351	498
3262	289	5067
4338	419	921
4442	912	4946
5116	351	1452
1883	357	1665
423	419	766
314	640	4167
2895	351	1845
3357	289	4780
1408	284	3211
2023	525	2934
581	351	1845
4003	351	1068
3841	366	3616
2823	747	3542
766	779	4158
1089	351	1248
282	342	3846
3022	912	3616
2526	352	1846
2219	792	4135
435	926	1464
315	926	3416
3086	351	967
82	289	4922
585	366	1837
2292	357	1846
314	419	766
3797	351	1845
4631	493	1736
4993	289	4512
5	642	3087
3511	351	1845
353	289	4458
883	149	882
3958	351	1919
4118	357	2081
3706	454	663
3080	448	4759
5214	339	557
364	926	1071
4556	358	376
4491	912	2730
2014	708	3301
3300	419	766
1417	358	920
4903	750	1659
5213	640	3519
3024	204	2360
1497	126	4020
1100	351	2436
591	366	1837
534	351	1846
1921	912	4956
4561	351	1845
1273	779	4783
4132	126	3147
1389	176	3000
2659	351	4091
4832	912	3616
1709	254	1927
3130	912	4846
137	448	4934
3282	642	3933
4662	692	3670
3758	254	1242
321	289	4027
5153	912	4846
1779	419	766
4580	299	926
2929	366	1837
563	750	2436
4508	912	4846
1998	351	1845
3197	912	3616
590	912	4131
2182	94	1270
4768	683	3221
3545	357	1846
1295	351	2651
529	125	439
1819	642	9
4449	366	2746
2106	339	1336
2627	34	1282
3278	640	4987
883	149	1282
1806	125	88
532	351	2979
1430	34	1846
4435	357	1945
5000	502	5091
1129	357	1282
3124	352	1529
4994	284	3074
2253	708	382
1273	779	2451
1361	779	4414
1822	289	800
2548	204	908
4797	779	4196
4549	351	1845
3320	289	4459
4059	351	1099
2617	94	966
467	289	3505
4019	683	765
602	351	1845
1945	204	4435
3356	419	766
4614	912	4846
3032	912	4332
4350	352	2436
2688	448	1852
3085	912	4332
3894	300	379
1419	419	1960
2751	149	1282
1853	243	3833
1383	454	2866
1943	289	2388
574	243	3934
5085	912	4846
189	289	3942
69	351	2979
766	779	1927
829	351	1845
242	358	359
2505	366	1837
4593	352	4371
4932	419	766
4843	289	3393
380	926	765
442	289	2968
887	547	2092
1061	38	1890
3897	289	2025
2972	357	2081
3358	677	5217
3935	351	1845
4208	708	692
2361	419	766
3239	289	1654
926	357	4580
5108	357	4338
4013	357	1845
3313	289	3157
1952	204	2052
2473	366	1837
4627	415	1720
4655	635	958
3295	289	4928
572	351	1845
2305	419	766
2660	912	3616
3440	351	1846
4456	351	1845
392	769	2979
3874	149	1958
3356	243	4167
4824	419	766
136	419	766
4775	683	765
4704	289	2388
353	289	5078
2168	366	2730
9	769	1845
466	289	2505
4532	351	3631
1746	642	88
189	289	1357
2212	539	2211
4388	125	88
2968	351	1962
2295	357	625
800	34	1845
398	357	648
321	289	3033
3068	357	765
4110	357	1958
104	357	765
581	351	2230
1331	926	2436
1120	794	872
3242	640	4283
5000	643	5075
5001	95	4210
2991	357	765
2806	77	2729
3843	201	2227
1121	605	1711
1807	357	1845
2090	351	1845
4915	351	3399
4078	357	1226
3129	912	1837
4210	357	1282
617	351	2979
3606	750	780
921	779	2380
1825	125	455
2460	339	620
220	289	499
4593	351	1845
4621	125	9
4306	289	4167
3583	357	3452
3167	351	1845
603	351	1846
483	750	3220
1528	289	3998
3240	419	766
1802	357	1845
3160	683	3399
988	769	1992
4496	415	4677
632	351	967
5213	419	766
367	419	766
3795	366	1837
3566	357	1659
4457	912	4846
1794	419	766
1749	166	5224
503	351	2436
3287	419	766
3897	357	1845
4701	289	4596
5055	912	1837
98	358	441
790	351	4813
238	357	3433
3041	358	15
2320	351	3773
4072	525	4971
107	357	1665
490	357	4735
589	351	3432
242	357	1845
38	800	4460
2661	351	2979
4079	708	1217
2384	157	2171
2826	493	1736
58	769	1845
4605	351	1498
4458	366	1837
216	342	458
2615	352	1282
242	938	4475
2869	642	4572
1830	357	1846
4054	351	2552
3962	204	3740
2518	357	765
63	419	766
557	865	1836
1364	352	1659
3891	358	55
2106	912	4956
3365	289	2624
4459	351	1845
201	357	765
1007	419	1284
5061	352	5164
4206	912	3616
242	448	5076
732	149	755
1736	62	2694
1849	149	1665
2871	149	2870
763	77	4969
1432	351	3852
4501	642	4461
1273	779	1422
3034	635	2318
3540	752	1960
5075	92	1468
238	448	5076
2027	351	3053
1529	419	4189
2496	352	1845
4232	34	1845
754	865	2595
200	926	1845
4797	779	4796
3934	708	225
1914	180	3113
4449	448	4347
4521	351	3460
4508	926	1845
4480	366	1837
4527	351	1845
5078	351	1036
1502	357	1845
3203	357	1282
4996	352	1282
1015	357	1282
3460	204	2516
4557	912	4846
4462	351	1099
2886	419	1273
3238	289	2788
4382	351	1845
766	779	3399
2109	351	1282
4549	351	3631
4204	419	921
3715	419	766
1870	62	4813
431	289	4985
4994	284	4816
4673	357	1293
5100	779	3026
160	926	1846
1330	448	5076
380	357	2436
3211	351	3053
921	492	990
4024	351	3431
1779	289	5066
38	357	1845
183	243	2257
389	125	409
2142	351	3432
183	289	2388
2530	351	1919
3520	352	1845
2610	357	4951
2535	901	72
1754	339	557
465	107	1089
3367	289	1432
770	351	4977
3003	351	2436
891	912	4846
4457	351	1845
2652	366	1837
1100	339	3448
4987	708	1487
3291	176	3000
57	926	2979
5217	419	766
1037	357	1845
633	419	766
803	912	1837
80	263	304
1996	750	2121
3306	289	600
2758	351	2979
12	289	1658
3278	289	3079
3411	639	3411
33	638	217
3555	357	1845
2535	747	3561
4960	204	1673
3356	640	4167
3284	289	2893
1707	243	2896
1284	779	3010
2151	351	1846
3843	643	2362
765	338	4291
2841	351	2979
1295	351	2436
315	357	2081
512	352	2979
80	357	4796
2377	779	1059
1413	27	4679
187	289	4542
4632	352	1846
494	750	1282
3257	640	3933
1384	166	2595
3968	34	1845
1709	254	1736
4233	351	2979
4709	912	3616
2818	640	546
1782	642	457
3837	351	1845
1332	34	1845
2090	692	2065
97	480	54
3694	779	2411
4194	357	1282
2915	149	765
92	289	2026
599	351	967
342	926	4151
2724	289	5171
4585	243	4167
1689	289	900
4124	419	766
3654	366	1837
754	865	1904
2358	357	2081
4259	683	2424
14	419	766
1905	711	1904
3294	289	1328
1707	642	243
3804	352	2436
1108	339	2629
4633	351	3053
636	357	1282
601	912	4846
3321	289	4541
3661	640	817
242	358	35
3276	289	2531
2952	289	4512
632	912	4846
4103	204	2584
54	454	170
2026	351	1845
1943	176	5060
2856	352	928
2198	289	4472
5110	366	1837
2247	547	786
4766	912	4846
4770	352	1659
2527	747	3542
2686	289	1657
158	208	2979
3309	357	1845
2041	419	4218
3139	750	3138
4085	357	1845
5126	539	4156
3745	204	4191
3266	642	5106
4129	358	2618
1500	357	4196
4281	926	3082
164	289	588
343	357	1845
1099	204	3852
1296	403	3337
5203	711	2671
602	351	926
163	448	1678
4568	352	1845
1776	366	2730
658	448	156
1327	289	4744
227	419	766
2720	642	218
3220	204	2032
4089	357	1845
4939	493	1736
3256	289	2555
3541	357	1845
4829	643	1382
5213	357	1845
250	176	2500
2014	351	2436
5217	357	967
4533	357	1931
4893	149	1282
2172	149	2935
3557	208	1282
1452	419	1284
3263	289	4561
3614	419	1273
4669	366	4131
1329	351	1845
2894	912	2750
4634	352	2436
2639	419	1273
1400	243	3935
1432	912	4846
1273	779	2632
2556	204	881
280	769	523
3587	357	1846
4352	683	2962
1457	419	5100
1273	779	2586
4642	339	4816
1790	419	766
2972	419	766
4502	338	4291
3831	358	4573
2122	419	921
4543	448	4347
3269	289	504
2110	38	1999
1384	351	1282
86	642	457
2892	358	87
442	289	4596
581	351	2979
2488	351	4371
1256	640	3516
3368	289	806
2386	149	4407
218	208	1845
2603	351	1845
2119	357	4809
3073	419	766
1061	357	1282
4176	77	3223
4922	323	294
4341	642	4461
1416	357	2081
4216	683	765
96	176	3085
1665	126	780
832	176	1240
2683	419	766
4627	351	1846
5214	912	1078
2773	642	5106
4568	351	1845
4463	351	3390
5036	149	1282
4870	683	1282
4113	339	615
4267	912	3616
3157	351	1512
2668	357	2723
4367	926	3631
4593	201	2062
3248	419	766
766	779	1065
2837	34	837
3272	289	2495
2451	126	2452
398	357	765
392	419	766
2325	448	4954
2527	339	4996
119	926	765
1120	605	4335
4461	351	2979
2109	352	1282
2352	926	967
4297	352	1845
348	731	3742
4573	351	1846
360	125	457
1654	912	3616
2192	750	1226
1316	351	3634
3090	351	1846
4682	289	4455
2106	284	2569
3206	357	1845
1912	357	1962
4493	357	4104
597	366	1837
1740	357	1464
4583	166	4956
1897	208	3071
3095	357	1282
2861	419	5100
3956	351	1845
1687	357	1845
1818	125	457
1356	419	766
1636	62	3722
4669	912	4131
381	122	4545
5043	339	3009
3139	149	3138
942	62	3429
3963	448	3894
3433	357	1845
4584	448	5119
2454	448	4523
4678	289	4510
1830	289	4496
1940	125	243
36	769	1845
2569	604	3542
1395	351	2003
4709	660	3040
387	448	1678
324	448	166
5149	149	2590
4511	77	2689
2425	912	4332
38	289	4551
2373	448	344
4213	246	2294
5075	351	2689
2854	351	4943
3479	351	1919
2774	351	3913
4960	126	1673
187	289	1357
2573	149	765
681	323	1476
4867	683	2694
2563	912	1837
542	351	1846
2221	419	766
4927	351	1845
942	62	2742
3485	351	2207
3764	695	2526
3894	300	55
2301	686	2300
3085	926	1845
3031	525	4022
3571	357	1845
978	642	453
11	357	2665
336	358	137
3289	289	2009
631	912	4332
1131	357	1845
3102	358	35
4561	527	893
4433	338	1495
4923	351	835
1620	692	3670
3354	289	3003
4483	708	695
423	677	422
77	289	2574
4167	351	1845
1337	912	4332
481	352	1846
3110	351	2081
3088	34	1845
4277	351	958
2093	357	1845
2925	357	4796
2619	492	1930
4704	289	2624
3508	289	2555
4208	351	1845
3914	779	2719
4780	366	1837
3961	180	3948
3508	419	766
4139	299	1845
4567	351	2203
3254	419	766
2958	493	2133
4788	351	2030
423	357	1845
4536	419	5100
4571	201	3465
214	351	958
3237	357	765
2107	352	4151
4985	912	4846
92	289	3795
4639	351	2979
2742	419	1361
4669	415	4186
3849	351	2979
422	640	546
3573	357	1846
3357	289	1755
654	366	1837
98	846	4555
2805	448	4215
1764	338	4291
2496	912	3616
3894	300	282
459	926	1845
4631	352	648
3503	527	4205
2838	415	1327
4054	912	4846
3824	357	765
38	642	4460
661	352	2436
2684	125	306
2785	750	765
3000	352	3975
1088	27	2644
2793	351	1282
1488	208	2081
1083	779	2081
4496	342	1486
4888	149	1270
2168	343	1487
3087	351	765
856	351	1932
3252	642	2504
4341	419	766
3365	642	453
220	289	1371
1300	448	2701
412	402	145
80	289	4627
3090	34	2651
1825	357	1845
3146	448	3698
4440	339	4476
1880	62	780
3894	300	381
2523	357	1845
838	419	766
25	938	25
160	358	376
3610	779	1927
1681	358	1991
2015	351	765
488	419	766
1393	125	9
371	357	1007
1989	351	1845
4821	284	4631
5119	480	311
1249	419	2219
3268	289	4512
3786	149	1958
1108	339	615
3802	289	3840
4484	323	4394
651	351	4371
388	357	765
1284	779	2451
443	484	1845
1639	769	2951
2351	912	3616
3369	289	1088
4399	176	4564
4994	284	4049
3614	243	817
754	865	1836
2563	351	2979
4026	149	648
4922	912	4846
2981	912	4846
2798	342	458
3088	912	4846
3837	352	2979
2414	149	2412
4138	352	2436
3869	94	1958
391	357	1845
591	708	3268
4474	912	4131
4656	511	2138
557	352	1282
4260	289	1998
3898	366	1837
4944	289	4483
1352	351	752
5113	289	4183
2269	366	1837
4616	351	2436
817	912	4131
2217	351	1845
2546	254	1270
330	769	1845
4563	27	3241
775	125	218
1806	289	2855
1996	239	4041
4488	366	1837
1960	492	1930
766	779	2041
3016	254	887
3292	243	4665
768	254	1044
3317	125	457
2198	419	766
3704	779	1951
3722	357	3220
2483	351	2979
2853	351	1845
4380	351	1845
4611	352	1845
3560	62	1099
1085	357	967
2086	204	2466
2446	554	1056
4512	708	3268
269	448	1678
1284	779	3693
1382	351	1846
2069	419	766
5040	351	4371
350	421	224
4313	357	1845
2444	358	387
1350	926	3053
1724	750	4435
2773	357	1846
3507	640	4987
3367	243	1432
2155	779	1249
942	62	5170
4627	912	4846
4593	352	1845
1389	243	4938
3278	289	4359
1437	92	1468
5230	448	2703
529	419	766
3440	351	2136
4682	289	3820
465	615	1089
611	243	5024
2599	149	4424
891	912	2730
422	642	4297
4967	149	1226
500	926	2979
921	779	2834
322	263	323
3139	149	765
52	289	3088
1780	289	4272
4024	323	164
4201	351	2081
1100	351	765
3959	149	3399
2787	357	1846
186	870	4283
3500	351	2979
1088	912	3616
3161	351	1846
1295	352	1846
4392	419	766
3457	635	2074
4592	351	3053
3039	912	4332
2938	149	2884
4151	357	1845
3036	351	2783
516	284	4545
654	27	3237
536	351	1846
4504	352	5211
1004	166	1010
179	732	766
3156	926	3433
2024	351	1248
2615	351	1048
1646	289	3090
4280	387	3664
12	289	12
4794	357	2379
2023	410	2934
620	339	1921
1088	366	1837
2439	387	562
633	642	88
3285	176	3085
678	289	4483
4453	366	1837
2811	866	3708
4951	204	2610
3309	125	457
3823	289	4447
4446	448	5119
1792	289	4529
2461	366	51
1329	912	4846
921	779	2348
4386	642	3935
3245	289	4472
5213	289	2256
1665	204	780
4775	750	765
3778	357	1846
1776	366	1837
323	677	322
3239	289	536
2826	284	1921
2361	176	4564
4368	351	2979
2855	351	1845
3557	62	1071
804	352	1270
269	357	2518
83	289	4627
2504	34	1845
4708	351	765
3441	351	1270
76	333	244
4595	448	1840
4611	323	3507
283	926	2242
503	34	1846
4387	289	4382
3463	779	1845
1051	126	523
531	351	2556
216	926	1845
4822	912	1837
1770	912	3671
5230	357	1845
4341	640	4461
3910	419	1273
1253	357	2973
3124	351	1047
795	683	3202
4491	912	3616
2991	357	1846
4027	912	3616
1411	708	91
655	94	1845
4593	92	1468
1502	289	542
766	779	2824
3909	750	647
336	912	2750
368	448	5119
1502	642	88
3942	912	3616
1736	62	2590
3299	419	766
1389	419	1273
1402	149	765
2901	351	3631
4509	351	765
1908	352	2979
1513	289	3090
4245	145	3043
416	926	1845
4236	357	837
3561	357	1845
765	126	2436
2694	62	2695
3239	289	654
2305	289	4167
116	342	3432
4283	824	4245
3276	289	4359
4467	926	765
2559	77	926
4572	351	5211
4073	448	3698
650	446	4347
4653	912	4846
35	448	344
2637	366	1837
3549	62	1846
127	289	3089
4328	642	5006
3925	368	4960
189	677	3365
3377	402	174
3190	366	2289
2090	652	4040
3944	351	4089
2192	683	1226
2388	912	3616
3543	62	2958
2433	351	2205
1958	204	2590
4201	339	4643
2460	339	1921
2336	94	2081
2918	352	765
2901	351	4943
817	708	3661
1828	289	4708
305	448	5119
3432	357	1845
1802	176	4564
1690	419	766
4833	912	4332
3124	284	3204
321	289	3104
1530	201	3734
541	912	4131
4281	926	4371
4665	351	1845
357	480	111
2531	351	1845
3796	660	2864
3074	339	3480
3948	351	4371
3814	448	3893
4237	289	1351
1811	62	2979
3229	289	661
803	94	1270
2542	640	4267
3041	926	5176
2404	27	470
709	289	2828
5102	912	1837
467	357	1845
2320	166	1098
1656	912	4846
4412	779	4264
4649	352	1498
2826	339	3658
4484	912	4846
3931	642	3951
4371	357	1845
1864	484	1845
1935	639	921
1003	351	1071
4609	352	1099
3873	149	1958
3057	357	765
4183	660	3796
250	125	88
846	357	1846
3378	289	2388
3168	683	1845
1828	419	766
2527	339	2460
2106	339	557
573	149	765
599	912	4846
4858	149	1659
1413	27	3318
1352	358	4073
4359	351	2979
3032	926	2081
1579	410	1596
3643	683	4435
1411	912	4846
4634	284	2240
3934	351	1845
402	926	1919
399	448	311
4259	750	2424
3273	289	2256
5219	642	4572
2818	289	4303
1746	289	2026
382	125	409
2500	926	2081
61	854	4633
5171	351	3711
2641	351	1927
4187	289	2930
492	243	2229
4924	366	2746
4141	149	1278
4280	448	4347
1012	261	2084
3035	926	1085
1234	357	1846
499	351	2979
3948	912	4131
691	243	4601
2505	708	492
4994	284	824
4634	34	765
4645	351	1845
3238	289	654
4788	912	2427
2420	352	765
5002	351	2979
4901	149	1282
1846	126	2436
138	243	3122
3582	62	1673
3393	351	1845
2144	289	1328
1620	410	1549
3954	511	2138
4205	912	3616
941	640	1432
308	357	2979
343	289	2145
3594	208	1270
1031	357	1962
3441	351	2651
3294	419	766
3211	352	2979
1357	34	1845
92	419	766
4681	642	88
3032	448	167
17	448	5076
1776	351	1845
2613	660	4208
1818	419	766
3961	912	4846
4647	351	1845
323	289	3104
5075	643	3185
2826	339	754
1757	926	1270
3182	339	3211
2863	149	765
4113	448	3669
1921	351	1048
691	289	2174
1520	351	2081
1544	62	2088
3931	289	2827
2624	351	3460
300	289	4668
4676	419	766
3322	419	766
664	683	765
324	448	344
2899	357	1846
1931	204	4533
4843	289	4510
492	419	766
3894	300	399
4605	284	4211
4504	351	4091
2971	208	962
2132	125	243
4631	351	765
4481	525	4971
4534	419	766
4460	912	4131
4730	419	766
4595	926	2230
335	289	3161
2345	817	3691
3739	939	1777
1251	204	5044
3040	351	5176
4374	366	4131
2555	351	3053
509	289	4159
1639	643	3025
3240	640	3519
4546	351	1845
4503	366	1837
3932	357	1845
3762	254	4104
236	912	1837
3293	289	2253
157	419	766
2547	351	1845
629	351	1845
2459	351	764
245	289	4474
96	419	766
4775	683	2436
654	351	765
4594	34	1845
2580	642	3479
43	711	40
55	357	765
3259	419	766
3997	683	966
4268	640	4275
2565	912	2730
3032	448	5119
3934	323	574
3195	448	4347
2931	926	3053
2963	750	3399
3244	289	2981
5035	683	2944
732	149	1270
3090	415	2361
3511	351	687
4370	683	1282
5059	352	2979
4592	912	4846
3518	352	2436
5067	366	1837
3094	912	3616
812	419	812
3952	448	5076
245	243	1343
3190	366	1837
4032	351	1845
1825	289	3511
655	912	2730
3806	912	3616
771	339	4579
74	402	71
4693	357	1845
2387	357	1282
1065	204	2088
5095	351	5164
4692	289	515
2628	34	1845
4524	351	3416
120	357	1845
185	358	242
3102	448	5119
4186	419	766
3894	300	305
43	589	40
538	351	2665
3294	289	4712
4059	351	3852
581	708	3282
3251	357	1845
832	419	766
2139	419	1273
3156	448	5119
4129	34	2081
3704	779	1423
516	339	2017
267	208	4960
612	125	409
4681	419	766
857	366	1837
2838	912	4846
1348	77	926
472	358	5023
610	419	766
978	289	2495
835	357	1282
4503	351	1845
3226	149	765
4634	339	3441
4631	284	533
220	125	147
33	333	159
3601	208	3416
245	419	766
2261	208	2962
3707	289	2555
2732	77	808
3074	352	1270
770	926	4977
3513	351	4051
3618	493	2092
4227	357	3452
1922	357	1846
3679	351	1846
4938	352	3975
4526	34	1845
16	289	2128
641	912	1469
73	457	1845
4499	351	2979
4538	912	3616
1709	695	1295
2093	357	1270
633	289	515
766	779	484
2896	351	2979
2392	204	3829
831	243	1655
2164	351	765
2258	351	4726
2081	419	766
2684	357	1845
3957	351	3082
3812	351	1846
3894	300	342
1782	419	766
4263	263	4262
204	769	3399
73	357	1845
2295	357	3923
3077	448	2289
3072	149	3225
2839	912	3616
321	419	766
672	912	4131
1273	779	3910
1259	357	2081
3446	930	1886
802	204	4625
3507	289	4611
4735	204	490
2063	357	1958
2013	750	3452
51	357	2081
5039	243	3936
3301	640	1364
3251	289	2388
4750	125	243
4474	366	1837
3240	289	3194
4865	149	835
806	912	4846
619	493	825
3033	366	1837
1878	62	958
1357	351	1845
4335	246	2865
4679	289	3520
5023	448	5167
1746	289	4709
4378	289	1758
2373	926	1452
4206	323	3355
1767	640	546
3124	865	1836
101	448	1840
2535	351	1845
2296	912	4846
3356	289	2928
1337	351	764
1940	289	4562
3644	779	1945
434	419	766
322	243	1398
400	289	3187
180	912	1837
4706	357	1958
3240	642	3519
4073	358	2413
4024	351	3416
4739	351	2979
4506	708	692
2539	598	4840
1361	492	1930
5102	351	1958
4161	419	766
4372	339	2105
5100	779	4758
4678	289	4208
2460	604	1659
3075	351	865
1011	351	1282
2589	289	2839
4106	149	765
2900	683	2899
3963	448	2866
3909	683	647
2048	38	765
1754	339	2522
3038	352	2962
2038	878	4853
3183	351	1845
2319	351	5211
1300	926	1229
91	357	1845
1688	640	653
3877	289	4610
2688	448	3669
4139	357	1845
4245	299	1845
4429	351	1845
4994	284	5025
709	419	766
5091	643	5000
1330	448	2866
1382	351	1385
4171	912	4332
4286	149	1270
136	125	9
3205	351	1064
1882	484	1846
4239	677	4238
2250	683	2436
5161	351	2975
1802	419	766
3320	243	2496
3436	926	1846
1395	352	1845
4920	750	765
3770	387	3664
437	357	837
1927	419	5100
1669	779	2313
3943	27	3252
796	683	3202
3016	254	962
413	846	1330
3040	351	1845
3518	352	765
2080	779	1927
2459	352	966
2683	357	1845
1689	419	766
589	351	1845
52	176	3085
1264	239	4980
2446	351	1270
2707	366	1837
1430	912	1492
1327	419	766
1084	34	1270
4159	351	1845
4583	357	1845
2402	352	926
4484	366	1837
1088	366	4131
5169	779	1845
503	747	3548
3302	125	457
5164	77	4371
1226	419	3704
436	769	1659
2711	352	3975
1413	351	1919
1843	357	1226
4186	289	4208
2791	683	834
901	912	1905
3564	208	1385
91	419	3644
2869	448	2289
2758	708	692
4137	926	1845
3454	204	4121
642	351	5212
4119	357	2081
1893	419	766
3240	289	3427
2803	926	2137
2533	708	692
2584	357	1282
2425	448	4347
5219	125	453
218	208	2081
2134	419	1273
2537	351	2979
2502	351	825
3104	351	1099
4595	351	2979
414	289	2968
2836	419	766
1815	448	2703
457	469	4661
4857	149	2367
1289	605	4336
4684	419	766
766	779	3535
476	926	5164
4230	660	2010
3513	366	1837
4374	351	1845
4465	351	1845
441	448	5119
1596	34	3034
2986	419	766
3925	254	2714
4545	358	4446
3281	289	4623
1770	912	4846
3745	635	4191
1036	357	2081
4011	149	1498
100	869	332
2892	448	2701
1767	263	423
3520	415	4679
3087	27	335
2367	419	1284
2168	351	1252
5042	352	2436
4336	769	2081
1685	289	4616
4296	912	4846
539	912	1837
137	358	2996
1779	357	1845
1027	149	1026
3269	419	766
1986	351	1846
3111	94	1845
4986	34	837
4681	289	4596
4967	683	1226
3090	708	3378
127	289	4512
531	912	4846
1250	204	2809
2284	204	3975
4609	930	4559
5075	351	1845
2593	289	590
413	342	457
163	342	3975
1323	351	765
2270	692	2065
2531	366	1837
391	289	2145
2231	149	2436
2535	351	958
1987	660	4460
3375	289	4653
5088	149	765
3942	366	1837
4370	750	1282
2106	339	1921
1338	419	766
1408	284	2142
3049	149	3053
5043	284	4267
4691	289	2497
3806	708	692
282	448	5119
547	817	1491
3130	34	2651
1273	779	2348
4562	912	4846
3894	300	98
398	448	1678
1868	484	967
509	419	766
4987	351	1845
1106	419	766
4627	94	765
1500	357	2719
334	358	25
810	176	5059
5	640	3087
820	289	4452
3954	351	1498
2444	358	160
1052	94	1665
192	448	105
4634	339	4649
381	926	1845
3244	289	4458
1808	289	4540
2527	166	3386
673	351	4655
1361	779	3457
323	419	766
3239	176	5060
3017	782	864
3935	415	1807
615	339	1430
3784	149	1270
4787	351	1845
3278	289	800
177	176	3085
164	419	766
3517	912	4846
2444	342	458
786	357	1665
2990	208	1645
422	640	4572
320	448	5119
4073	448	3894
3595	62	3824
4335	769	1846
1687	419	766
666	339	641
5230	289	681
1756	351	1270
4559	502	4609
3225	357	1846
650	446	4523
2918	351	1498
3453	779	2081
123	926	1845
3582	357	4960
5110	351	4655
416	448	5167
1767	419	766
3244	357	1845
4447	387	3664
3236	289	3098
2142	448	1678
2500	912	4332
3956	912	1837
245	289	4208
1756	352	1270
2155	779	4951
4593	817	3691
4309	357	1282
4390	289	2624
4792	419	766
5181	692	3670
2144	289	4596
2217	351	2784
3938	357	4333
1411	351	1845
4962	351	2242
812	779	1665
1921	339	2826
4573	366	4332
771	339	615
617	27	1393
2569	747	3542
444	926	3621
1520	180	3194
30	289	4646
4534	204	2047
3516	415	5219
3378	419	766
1945	639	3644
282	342	3036
369	125	88
942	62	2610
4521	180	4568
2497	366	1837
2122	204	3202
4567	92	1468
1274	695	2722
650	448	4523
4642	351	2979
2522	92	2213
1798	289	681
2586	419	766
422	642	453
399	448	5221
14	289	892
2784	77	808
1328	351	765
4489	94	3711
2361	642	421
1502	640	4987
3643	750	4435
4390	289	4614
5096	323	246
3934	912	4846
51	402	134
3317	640	4597
3701	683	765
2629	352	1270
4623	366	1837
3457	204	2074
1720	289	1357
2539	339	3658
305	448	5076
3292	289	2495
4610	351	762
3548	357	1845
5025	352	1845
4032	912	3616
666	339	1269
2102	339	4049
1843	357	1282
108	642	88
3273	419	766
2594	357	967
2017	34	765
688	365	3748
86	357	1282
5171	912	3616
4546	351	498
4272	351	4655
766	779	2081
3998	180	2006
1284	779	1226
1352	448	4004
3759	695	3078
359	357	1009
4660	419	766
285	448	1678
2668	357	4338
2341	357	765
2565	351	625
2321	351	3631
1084	448	1852
707	339	3448
3796	351	1036
1352	912	4332
4380	352	1845
4049	352	765
4218	779	1744
2093	357	3399
431	419	766
884	34	1270
4750	289	4549
1419	204	3765
3943	351	2979
2141	912	3616
144	731	3742
1245	357	967
334	448	5119
3249	642	9
3031	692	3670
3813	34	1845
1476	289	681
5056	351	882
3276	289	3079
3862	912	4956
3381	642	3519
620	284	1754
631	358	373
4281	357	3082
4028	448	3894
3273	289	4653
4201	708	1219
1422	752	1273
4420	204	5212
4259	149	2424
3633	357	967
2224	208	2668
3102	448	344
2103	351	1845
1778	289	2928
1100	448	2428
467	289	4915
2110	357	1846
15	351	2979
5084	352	2436
4521	351	1845
3433	357	1468
379	926	1846
3614	289	1770
3357	289	4540
5078	912	4846
4395	289	2828
4150	289	4159
2444	912	3671
766	779	4758
1296	830	1530
3389	289	2658
2502	351	619
2684	243	5006
4987	342	1487
3814	448	4347
2539	352	1044
611	125	88
2500	351	1416
4018	357	765
4024	912	4846
1080	750	1958
4896	149	3399
2488	351	1845
4495	912	4846
4495	351	2689
3588	357	1282
2174	912	4846
2686	419	766
3360	419	766
503	352	1846
4541	912	4846
492	289	3157
2828	708	692
2027	351	1845
4138	352	765
2504	351	2979
3258	289	4512
2853	92	1468
5181	511	3657
3124	351	1529
3309	289	1328
921	779	2512
4664	912	4846
137	448	5167
5100	779	1927
4814	358	956
261	926	2081
3585	62	3714
1951	419	1960
2415	204	2479
414	289	542
1875	200	3958
3590	62	2951
3380	289	1329
2641	912	3691
563	750	765
4501	289	4709
3252	419	1273
2073	125	455
2639	419	921
1435	239	4980
2377	492	1930
3276	419	766
3128	912	3616
4563	366	1837
3136	351	4747
2247	357	1665
1940	243	4645
1023	708	692
3291	289	803
4455	352	1845
2999	448	1383
4138	339	3658
4693	289	1371
4610	352	1958
2167	912	1837
4441	351	1845
499	415	220
2826	284	1384
726	750	3399
3074	351	3225
766	779	1464
1051	204	523
4268	642	88
4994	339	1921
4496	351	1846
2298	149	4099
960	77	3053
3297	419	1960
1016	750	4282
414	640	4526
4609	351	1099
5005	912	4332
3679	351	2436
5213	243	3519
272	448	1678
2025	351	1845
2623	351	1845
2832	38	1845
3252	289	2255
1398	912	4846
2565	912	4846
4700	243	1655
3635	683	967
4601	323	5230
3074	339	4643
942	62	4435
3113	180	1914
5153	323	3293
4893	683	1282
657	769	1845
4481	410	4971
763	62	762
4547	419	921
2420	351	765
3869	299	1958
2603	180	2566
2489	448	3698
3238	289	2405
3080	926	765
850	357	1927
3278	243	4987
4698	357	1270
3957	351	1845
4797	492	1930
12	402	145
3850	912	1469
326	289	2006
1500	357	2273
5217	289	4512
754	865	2427
806	366	1837
142	938	3101
3365	640	4283
26	480	268
1284	779	966
2006	351	2436
2168	34	1282
4159	351	2979
2579	351	3416
3558	62	926
5023	448	268
466	642	2896
2720	419	766
481	351	1248
591	351	1846
3878	493	4118
1706	419	3644
354	176	4564
1767	243	4572
3675	419	766
1418	77	5109
272	926	3023
4484	17	4394
1714	769	2973
3198	352	2436
3933	34	1270
1127	419	3914
4593	351	2932
3540	635	3769
3043	351	2985
795	750	2122
2838	351	1846
3547	208	2081
4507	351	1845
163	854	2804
1712	769	1498
1703	125	439
3302	419	766
2162	939	1777
4183	351	2979
836	149	1282
1408	284	4817
4595	912	4332
3846	352	2436
1962	419	921
423	642	453
1120	794	4949
456	289	893
1498	357	1464
1123	779	1665
1525	62	1912
819	926	1958
364	926	1282
360	243	2896
3970	926	2436
533	299	1270
5206	204	5207
643	357	1282
4943	77	3631
3963	352	2436
1659	419	1273
3563	62	1278
614	351	3975
631	448	2866
2629	339	885
611	642	5024
2384	652	4198
4000	912	4131
3508	289	3947
2661	415	382
5214	912	3671
603	351	765
836	683	835
4380	357	1845
360	289	4463
4024	34	2081
4693	125	421
5093	149	1282
3694	779	1270
314	642	4167
4944	176	5060
1373	149	1372
4073	351	2202
4819	817	3691
3796	366	1837
4582	366	1837
4690	419	766
4833	912	2750
4118	419	766
4767	77	3221
4453	351	1845
4818	284	577
5161	912	1837
5078	94	2081
563	683	2436
3804	351	2742
3849	166	5031
4645	352	2979
4681	125	88
4809	419	921
3447	352	765
4121	77	3454
1003	339	2793
2916	912	5180
2526	201	2655
4463	912	4846
4521	351	2516
2198	176	5016
3079	415	3275
3086	358	1991
3146	912	4332
2573	149	2572
350	769	1282
189	289	3183
4787	351	3631
2219	779	1249
442	640	501
3040	323	3353
342	448	26
3727	796	2823
766	779	4204
968	289	5161
1419	126	3765
3357	640	4167
225	243	3934
3539	441	3539
3563	357	1659
2152	351	4655
5096	366	1837
3513	351	967
1522	149	1270
2360	493	3024
2913	357	765
5214	339	4649
4019	149	4018
4664	912	4131
4263	289	4449
1822	289	2637
2864	660	3796
1681	34	1958
4804	351	2436
1250	419	766
216	448	26
4660	289	4564
4488	351	4371
4161	357	1845
1256	640	546
124	208	765
1799	289	515
521	640	3448
4382	366	1837
3927	637	3587
2388	366	1837
4486	180	2901
1100	352	765
2038	926	958
2569	339	4996
867	695	1969
533	299	2161
3610	492	1930
2344	339	2017
2999	448	4347
13	419	766
1769	352	1665
1513	357	1846
2074	357	3457
1736	62	2290
2620	366	1837
4455	366	1837
4664	351	1282
3225	357	765
4003	94	2665
4773	149	2436
2837	708	1720
2793	351	551
4590	351	2979
2198	243	4601
1689	176	3085
3306	289	603
5161	351	4051
574	289	585
4611	912	4846
11	125	140
3275	289	2255
2320	34	1845
236	926	1845
1940	289	4464
3295	289	1357
557	284	5214
635	352	2951
1720	289	4708
3001	289	2774
4944	289	3134
852	289	4928
2804	938	163
4378	289	4808
3894	300	310
2242	419	1960
2460	339	2615
1669	492	1930
4351	419	1273
423	640	4572
661	708	692
87	926	2436
3405	683	2313
3727	493	1919
4570	351	1248
1805	448	2289
3185	352	1845
4447	448	1678
4779	448	3893
3602	62	4813
5007	352	4970
2308	448	2703
314	357	1845
2152	351	1845
412	419	766
5013	243	2660
3704	779	1226
238	926	1845
3447	351	2436
2240	339	4634
497	683	765
209	357	1282
4828	351	5175
2762	912	1837
4708	912	4846
564	289	800
1960	779	1242
1676	208	2979
321	289	2404
4378	243	868
39	34	1845
1754	339	4994
803	351	1270
3454	419	766
2256	912	1837
1333	912	3616
757	926	2081
3197	351	2979
2444	448	1678
635	352	3008
3517	351	2651
4704	289	2838
2182	912	4846
4580	299	4970
4318	419	1284
4682	419	766
4205	708	3238
4460	323	38
3202	357	2122
785	125	88
778	34	966
4510	366	1837
305	854	2894
1636	410	1579
4986	352	5211
4126	149	1958
5141	62	1036
5147	149	3399
3146	358	2413
854	149	1270
3829	357	2392
4690	289	1438
500	448	2703
1083	779	967
4375	912	3616
4388	289	538
5161	94	967
3306	640	4440
304	289	4627
2473	351	1919
4557	351	4655
868	415	1831
4477	912	4846
5192	769	1282
4987	708	692
1318	635	4203
368	357	2577
1327	289	4562
4498	342	692
3865	34	1927
1376	351	1845
510	289	4159
1707	357	1282
4621	419	766
92	289	2620
416	358	336
3560	493	1736
2300	62	2301
3850	573	40
1749	351	1270
1293	204	4673
1655	351	2290
91	289	4486
546	912	4131
4228	683	4227
2257	351	2651
3453	779	3452
356	208	4151
2250	750	765
353	289	2968
4275	351	2548
2617	352	662
3381	125	88
3614	289	4303
111	480	162
178	731	3742
2073	289	4822
1707	289	4709
856	342	4645
766	779	2513
3948	351	4085
804	351	1270
2535	352	1845
4301	94	1845
2579	351	2081
1822	642	457
962	357	962
4585	640	4167
3285	243	4665
157	289	5077
620	865	2595
3062	511	4041
4668	351	2436
800	912	3616
2142	352	4151
3648	92	4948
4609	299	1099
4072	410	3426
158	781	5187
4709	351	2979
4622	912	4846
3934	912	4131
4281	351	3082
4641	912	3616
2081	204	3431
4924	351	1032
3183	351	2689
3274	642	3936
1878	200	2853
2039	926	4371
3828	351	687
1240	352	764
4115	34	1845
4372	351	5001
108	640	2229
1003	284	5056
1120	794	4190
3136	351	1845
387	926	3023
2305	640	4167
472	358	69
2328	149	3693
4834	149	2436
2807	912	3616
1376	352	1845
363	357	1845
2905	750	2903
387	448	663
765	419	766
1363	351	2979
808	635	2784
4775	750	2436
1312	912	1837
4817	34	1845
4007	366	1837
1408	284	501
4218	779	3910
2629	351	1270
3220	419	766
3408	419	921
2166	352	3417
2240	351	1928
3292	357	1845
423	243	4572
967	419	766
402	448	1678
2178	351	1845
4983	77	2137
472	448	5076
4585	419	766
4631	351	2913
1438	342	2979
3956	351	1919
4340	419	766
36	421	4297
3130	27	709
112	926	1845
3258	642	457
2208	686	4264
4623	708	3353
1432	415	3367
5214	284	3677
1754	446	4840
716	77	4371
2425	448	311
1962	635	1912
3090	351	2436
3374	419	766
1685	289	2164
3958	352	1845
678	357	1845
606	149	2136
1988	351	1845
4570	448	4523
835	419	1284
4284	366	1837
1982	683	2424
1307	357	1846
2974	357	1270
3032	926	3416
2193	351	1459
529	642	140
3431	357	2081
4383	62	4383
4460	351	3416
1767	243	546
4043	352	5211
4336	769	3416
4363	77	4969
3353	176	4924
3278	176	3000
4392	640	4589
2229	912	4131
3707	289	4301
116	448	270
5113	419	766
678	289	2537
2764	642	457
563	683	765
3074	339	5089
3156	351	4151
4084	419	766
382	289	578
766	779	1419
2164	351	2292
211	926	1845
492	289	4664
4545	448	3669
1940	289	2531
4709	351	1845
2594	289	5066
3354	289	3194
2174	351	1845
1823	263	1822
1087	708	1486
557	352	5001
3319	289	2181
5213	642	243
790	708	5205
3130	351	1846
3708	493	2811
4378	357	5175
1496	419	766
2349	357	765
479	351	2742
730	683	1270
2903	357	1846
2843	419	1273
4682	289	4521
3540	338	1495
2818	642	453
2175	366	4131
3806	94	967
5089	352	2979
4923	352	2387
1273	779	2092
1704	289	591
1464	204	1498
1787	419	766
4340	125	409
5010	352	5211
3187	351	1845
572	351	1248
319	289	531
3758	254	1736
2984	357	1927
1721	289	4027
201	926	2783
4631	351	1044
376	938	4556
4386	419	766
3124	284	2106
1669	779	1846
135	402	145
664	750	765
331	448	5189
4425	289	4669
3661	289	4024
331	926	1845
3259	289	3904
1530	403	3338
4690	642	457
2145	912	4846
4201	339	901
1715	34	1282
857	351	2979
1740	357	1282
538	366	1837
2711	366	1391
4378	125	88
4594	352	3774
2168	366	1837
4834	149	765
4390	289	4623
1972	149	1260
1943	289	4616
899	448	685
5002	366	1837
3014	419	766
3182	34	1845
2155	779	3540
3310	176	4564
199	419	766
332	769	3399
2206	622	1468
2809	77	1250
1398	912	3616
398	448	1840
3023	204	2018
383	289	2901
775	289	4614
1987	912	4131
4893	149	3203
753	357	1846
4072	410	4971
3090	351	765
4884	149	1270
5217	448	2289
2823	92	1468
3472	419	5100
1952	419	1960
442	642	457
1088	351	1845
2840	912	4846
3869	351	1958
4505	366	1837
2840	351	1115
304	642	88
2135	708	5205
3785	149	4310
1273	492	1930
4617	289	4623
2202	419	1960
2325	419	766
1802	289	2838
795	750	3202
633	243	4277
470	640	3116
1273	779	3399
2793	352	1282
481	352	2436
2204	750	2203
892	351	1845
1828	642	140
658	926	4307
620	339	3124
3704	779	2718
1935	419	921
359	926	1845
1922	208	1846
3518	351	765
4944	176	2931
4203	357	1845
4394	289	2351
4822	366	1837
4464	912	4846
3947	366	1852
5023	351	4444
3505	351	765
288	926	1846
1928	77	1932
3679	94	765
621	351	3432
824	352	1270
3310	357	1845
3542	208	2979
2414	149	1270
3918	419	766
3068	357	1846
563	149	765
5051	493	2978
3157	708	492
1991	446	3698
4641	366	1837
127	289	3838
4948	769	2081
479	351	1927
310	846	4595
4362	357	1846
3590	357	1282
4158	419	766
3117	352	1659
2229	912	1837
2164	323	1685
3463	779	1226
2826	865	1836
841	62	1075
164	289	4024
2150	448	3698
642	352	1036
185	357	765
3457	419	766
285	448	663
3295	289	2637
1961	254	1958
670	243	2014
3427	351	2083
921	779	4104
2688	34	1958
522	708	220
909	149	966
216	448	1678
1818	640	1087
4453	912	1837
1318	357	1845
1753	912	3616
4446	448	4972
2488	912	1837
5023	912	2750
606	149	765
4710	448	4347
2638	419	766
2500	926	1416
509	289	1424
1831	357	1845
3146	358	2038
2508	448	2808
3320	419	766
416	358	2613
3251	642	41
1782	640	4986
80	357	1845
450	357	3008
1763	34	1270
2297	912	4846
322	289	3033
2124	419	1960
3817	351	3416
465	441	1089
1400	419	766
1655	912	4846
342	448	167
3365	289	2266
3876	149	1958
300	289	2928
3567	77	1845
4819	502	4559
199	289	3960
3447	352	2436
1952	752	1960
2007	419	766
2198	289	1989
492	640	2229
2527	351	2979
4969	635	4444
830	351	3631
2651	208	1736
10	208	1845
785	289	4928
305	926	1846
3894	300	216
4575	358	39
1232	419	766
4584	926	2136
185	358	98
4481	351	4091
2613	342	457
501	339	1408
3762	695	3171
2460	604	1278
2334	358	334
2871	750	2870
1282	126	1071
3783	419	766
5071	77	3631
942	62	3202
3089	912	3616
785	642	88
588	708	164
4193	939	1777
1799	289	4637
3249	289	857
2644	419	3704
4994	339	2826
2051	366	1837
3263	289	3098
583	289	1413
941	243	1432
3922	368	2394
1613	62	2436
4386	243	3935
868	912	3616
4045	683	765
3720	683	765
1982	750	2424
1897	357	1931
2555	912	3616
4938	708	1389
2813	750	765
4382	351	3631
3043	366	1837
1754	284	3198
1417	358	1681
1722	357	5175
4472	351	1932
4597	323	3317
611	289	4596
2878	351	2436
4675	419	766
1023	448	1840
1706	125	457
4509	415	3322
3832	77	3023
4816	339	4049
3540	126	3769
4450	366	1837
994	204	2937
921	779	1325
1829	243	4597
4708	351	1846
306	769	2979
3156	448	1678
659	351	3475
2301	204	2300
2473	34	1845
817	708	692
399	448	5119
2742	419	766
2107	352	1845
854	683	1270
2896	912	3616
4821	339	3658
941	289	4464
2416	419	1284
3381	357	2973
3839	912	3616
3252	640	2504
3519	366	4131
5024	323	709
359	926	1009
617	912	4846
2724	289	3806
52	243	4665
5024	94	966
941	419	766
1991	912	2750
2882	683	1226
1107	643	1969
4151	77	3433
3198	708	1219
3384	419	766
3568	357	1845
4523	300	4570
4918	912	4846
500	912	4332
2231	149	765
1996	683	2121
3036	448	5221
4517	448	5076
1408	284	4707
2818	243	3516
1736	419	1669
4180	419	766
4634	284	824
1413	415	3318
2931	912	4332
1681	351	2590
2356	357	1845
304	289	3089
4597	351	2689
4195	149	2513
1991	351	967
4839	419	921
910	289	4644
3244	176	4667
4621	289	4483
2743	62	2979
769	254	1242
3598	62	1385
2018	77	3023
4770	912	1837
3274	243	3936
1681	358	4489
4387	289	830
236	912	4332
1991	358	2916
3560	208	1099
343	419	766
1296	527	2136
5153	351	1509
4634	339	2345
2706	366	1837
4159	366	1837
3445	351	1845
1248	419	766
4372	339	2615
1703	357	1845
3931	289	2103
3843	352	1845
3290	357	1845
3378	289	1998
4719	357	1845
476	342	457
2102	34	1659
941	642	1432
3055	77	3053
590	912	4846
510	640	4460
2436	38	2649
4267	351	2979
1724	683	4435
2823	201	5191
4450	180	2051
282	938	3105
5100	779	1421
2617	912	4131
4527	912	1837
4605	339	3853
1845	419	1960
1845	338	1495
2706	351	2729
2471	284	615
3551	62	3975
3354	289	891
5102	708	695
1746	289	3128
373	342	4573
5045	149	1270
3609	419	3610
4046	149	765
766	779	3220
3304	640	4440
752	357	2242
3614	289	1654
444	448	156
1100	34	1846
4559	930	4819
2531	351	3024
2668	357	1270
4780	912	4846
2340	351	2081
1376	817	1492
2996	358	3146
2658	34	1464
1296	403	3338
4994	352	1282
824	352	1125
3743	419	766
820	642	4460
1707	419	766
4208	27	4186
315	926	4726
4798	204	3714
929	711	931
163	358	3831
3040	366	1837
3518	352	1846
4063	419	766
4206	351	1529
1373	149	1270
3097	351	1032
4822	351	4371
536	708	3238
2527	351	2926
238	448	167
1437	747	3560
2520	149	765
4691	640	4275
2802	912	1837
1754	339	2105
3293	289	5153
2155	779	1952
1966	357	1945
4770	912	4332
3074	351	765
4667	358	500
3865	351	2069
164	289	1988
3838	351	1846
2077	866	4077
3894	300	207
3269	289	538
4679	289	4922
881	77	2556
570	660	3128
4509	351	2436
4581	351	765
1823	150	4277
4453	912	4332
3238	289	1654
766	779	3540
2542	289	3040
1653	338	1495
1421	419	766
624	912	4846
388	448	3894
1051	635	523
4594	352	1845
2550	357	4104
521	419	766
3496	351	1958
4581	34	765
2963	149	2907
4182	149	765
4301	912	4131
387	357	3023
4480	351	1846
4218	779	3408
1232	338	1495
2706	323	1708
4483	351	1919
1378	419	5100
3244	289	4496
1828	125	140
1689	289	591
571	352	2979
1808	419	766
2905	149	2903
3194	912	4846
1689	642	88
4280	448	4523
5043	284	4275
45	357	1846
5195	351	1262
305	926	2436
1874	484	625
2788	912	4846
4558	912	4332
3463	779	4196
2180	351	1845
402	357	1919
571	351	762
1530	351	2436
3251	642	4081
1986	351	4227
2826	284	4994
3506	342	4960
3277	640	4987
3894	300	61
3313	357	1845
420	926	1845
3877	419	765
3109	351	5211
3496	34	1958
361	912	1773
2338	351	1115
391	289	2476
100	507	1480
4707	926	1845
2446	393	1270
5077	912	4846
2720	642	686
1815	176	500
2413	358	336
3269	289	2181
3521	683	765
3316	419	766
3104	912	3616
310	448	663
317	926	1845
2334	180	3040
611	419	766
3079	912	4846
1336	352	1048
4918	351	2310
5181	525	4775
3325	511	4041
324	448	5076
2489	387	3664
142	926	4151
3930	289	2103
833	642	5008
4441	366	1837
4607	502	2853
1753	351	1270
192	448	3698
985	779	3010
547	92	1468
4119	493	4118
3309	640	4440
98	448	5076
3838	912	4846
3171	299	3454
5130	484	1270
707	34	1464
1330	351	2776
3472	357	1927
5044	38	1251
1919	419	766
4834	750	2436
3325	149	1262
115	926	2979
4129	358	1417
1362	289	4205
300	289	5066
3931	640	4167
1658	351	825
1330	352	1958
2952	419	766
422	263	423
4489	351	2979
5015	352	966
3514	351	975
4850	419	766
3915	683	2058
2266	912	1837
65	402	3858
2968	366	1837
768	695	671
3676	125	455
426	243	3087
3759	695	1969
4291	25	1846
63	289	2658
3109	912	3616
2168	351	1282
3759	695	3185
4571	352	3432
3798	352	2951
4844	642	1987
4149	752	1273
4352	149	2962
3961	912	2730
4648	351	1498
1273	779	4809
4567	747	3541
4072	157	3426
2918	34	1464
4495	342	4611
11	289	3022
2569	352	1845
145	769	1845
4237	263	4238
2793	912	3671
3550	357	765
3354	289	655
4003	912	4846
1969	817	3691
2017	339	5116
451	289	5171
54	454	97
4183	366	1837
4595	448	5221
5214	339	1384
3175	912	4332
771	351	765
3001	419	766
2244	493	3626
766	779	4264
373	926	2349
4780	351	3390
3287	243	2492
2563	366	1837
4766	708	164
1741	366	1837
3128	351	1845
2952	419	1284
3044	166	5031
4815	352	3053
2586	419	1273
821	289	4506
5134	62	4109
394	926	1845
2916	448	3698
4631	912	1905
3520	351	1846
101	357	765
4232	366	1837
3717	419	3704
2643	357	1845
5153	180	2706
4471	817	1492
2665	419	1960
2684	640	5006
2048	357	1846
3479	351	1845
4648	912	4846
2707	912	4846
244	208	3433
4819	643	4462
2460	604	3559
5065	149	5049
4154	419	766
3277	243	4987
310	448	1678
323	642	2024
1383	454	1383
2446	393	1056
4201	339	4816
2400	357	765
3089	366	3616
4597	351	3023
3497	493	1008
2521	357	1282
14	642	218
4524	351	2081
1704	357	1846
4284	351	765
2977	289	2252
5042	352	765
2908	149	765
1898	357	1282
610	642	439
4822	708	2073
1376	92	1468
470	289	2404
3288	419	766
2229	708	492
2249	351	1845
5093	149	1071
4899	149	966
2405	912	1837
2027	912	1837
3251	243	4081
1796	289	3898
3273	289	2255
3814	448	1383
386	419	766
1395	351	1845
1384	351	2387
4201	34	2081
966	419	1284
413	926	1498
979	243	4572
3960	351	1846
2518	357	1846
1121	794	1684
2173	351	4836
472	351	3176
3086	446	3698
3586	62	2329
2788	708	3238
2266	351	1115
2361	357	1845
4471	351	1248
305	357	765
1437	817	1492
4812	419	1273
812	492	1930
63	642	2658
2670	419	766
250	419	766
778	352	1071
250	642	88
4598	366	1837
3238	289	4586
1746	419	766
2705	769	1845
2444	358	248
3601	208	2081
3240	289	4586
3883	352	1845
4129	926	2081
63	289	2893
1796	243	3898
906	912	1837
2658	34	1845
3152	419	766
4601	351	1845
3604	357	3399
3271	289	4623
3517	352	1659
547	502	4571
231	289	2555
2496	351	1117
2009	912	4846
5110	351	1845
4395	289	2627
3317	419	766
58	769	1919
1350	448	2866
4826	352	5087
833	640	5008
4449	660	4507
5189	454	1383
1815	289	3103
1253	208	5229
3277	642	4987
282	938	3036
3266	289	1329
231	448	2664
2106	352	765
2229	415	300
1322	352	2387
3352	125	88
3797	180	830
1443	419	766
3748	939	1777
413	448	5076
2073	419	766
3282	357	1270
1052	351	2003
2837	708	1706
2745	357	1958
868	27	4378
1708	125	409
2492	352	2979
1424	180	2637
369	640	4283
2362	351	4371
545	660	4028
2805	448	4523
4280	448	3698
3364	289	3947
4448	366	1837
4484	912	3616
3820	351	3416
4631	352	1044
1709	254	837
1273	779	4547
1769	352	780
2492	351	1463
1464	635	1498
4967	750	1226
2336	351	2958
1411	351	2979
1800	289	4059
3838	323	1327
2258	351	2081
4993	357	2665
1525	208	1962
1815	289	534
1791	289	4458
5169	779	1270
1986	912	5180
3078	404	3759
8	289	1758
283	448	3698
480	419	1284
3943	708	692
4387	640	4382
3448	34	765
3447	351	765
3446	352	1845
3516	912	4131
4441	351	3176
4281	358	631
3089	94	765
1397	366	4131
1051	711	3399
1796	640	3898
348	731	1490
3517	366	1852
766	779	2973
2512	752	1273
2855	912	4846
917	289	2901
2500	351	2612
663	454	1678
3309	289	591
3452	419	3453
2628	34	1270
2624	912	3616
1295	352	2020
1704	419	766
4295	289	4464
4138	351	765
1603	62	2867
4113	34	1270
3535	338	1495
2566	660	570
1927	752	5100
4338	635	5108
4388	357	1846
2400	357	1846
755	357	1270
119	357	765
134	357	1845
442	419	766
4003	351	2665
200	358	4130
4471	352	1845
671	352	2436
434	824	3237
303	769	2975
1620	410	1607
672	351	1845
967	204	2076
2785	149	765
2773	289	4562
1810	677	1809
2027	912	3616
2668	357	1958
1273	779	1659
4787	912	4846
3930	419	766
4679	289	1413
4051	357	967
4884	149	2676
3618	357	4224
2994	419	1273
900	351	625
4372	865	2200
3704	779	3717
3559	62	966
3101	358	142
4585	642	4167
2141	351	2979
4517	448	5119
3612	149	1270
677	419	766
585	351	765
3448	352	765
3898	708	1796
2974	419	1273
5012	419	766
2900	750	2899
2720	289	2618
2081	419	1273
899	912	2750
2727	149	2725
1807	642	3935
982	419	3463
4523	300	4769
3240	289	4205
2198	125	243
4779	926	2689
4510	351	4074
282	448	5221
4268	289	3844
3925	695	3042
1428	351	2979
3942	351	2979
2816	208	3071
615	448	3669
3783	289	4538
2764	289	3483
1437	351	1845
3855	493	1674
825	419	766
4607	930	3171
3352	289	4822
1280	289	4709
2224	419	1273
3854	351	2951
174	419	1960
411	448	3894
1669	779	1665
766	779	2406
3089	366	1837
263	208	687
5213	289	536
3197	92	1468
2563	351	1845
2834	419	921
3846	358	282
3238	243	3519
766	779	1282
465	328	1089
2006	912	4846
4113	446	4324
352	125	9
3275	289	1436
2480	351	2689
2497	351	1845
4677	419	766
3306	357	1845
5153	180	3022
4049	34	966
3361	642	457
2321	351	4943
3576	62	4307
334	926	1846
386	642	457
4637	351	1919
379	357	765
3963	912	4332
3276	640	4987
1990	912	4846
921	779	4132
4621	289	2617
2644	419	1960
3043	912	3616
2839	351	2979
2297	351	765
5068	419	3463
4024	351	2081
1435	149	765
2378	419	3486
2787	352	1846
1853	289	4232
3545	62	2349
1300	448	751
2895	912	4846
5091	351	1845
1345	351	5109
4063	289	2531
4592	351	1845
4666	692	2065
3111	94	944
538	34	1845
5042	339	4649
3080	351	765
3024	635	3410
3999	351	967
2508	926	1845
1636	692	3670
1659	419	1284
4994	339	3853
4770	912	4131
3016	254	1736
4542	912	1837
4161	289	3839
121	208	1845
4642	284	4545
2894	926	1846
209	448	1840
1767	289	2027
581	366	1837
3311	642	218
4138	284	4819
4816	352	1659
3641	493	3484
1788	357	1845
1417	448	3698
1406	351	1248
4631	865	3386
2382	419	3463
5169	779	2379
368	926	4969
2460	352	2979
4651	358	5086
35	926	2979
2372	126	1071
1332	351	1919
4338	126	1451
248	926	1845
4567	643	2823
2768	289	4027
942	62	4135
4634	339	2017
2182	351	1270
3865	351	1927
3129	351	2436
3770	448	663
2574	351	2436
369	642	88
2010	352	1278
2930	351	1919
4260	289	617
766	779	4730
1853	642	243
3704	492	1930
590	708	2593
4832	351	3432
4347	454	1383
2562	351	1845
1720	419	766
664	149	765
1284	492	1930
322	289	3104
3124	339	533
204	769	523
5129	62	662
1320	448	3698
5214	352	1659
977	711	1094
4984	366	4131
2894	912	4332
5219	289	2258
3080	926	2436
4924	926	1032
538	351	4803
41	589	40
2258	912	4846
1993	357	2081
1284	779	1452
3320	125	457
3284	125	9
1062	366	1837
1032	493	2556
4481	692	2065
4582	351	3053
766	779	5175
1823	289	1986
2454	352	2979
5049	357	1962
480	357	1282
2555	366	1837
4475	358	3102
4472	415	2198
3844	351	2979
344	480	97
1811	208	2979
1345	912	4131
65	357	837
4208	660	3957
2862	149	765
2755	357	1282
244	769	3433
2253	351	3452
4245	34	1845
282	854	3846
737	149	3399
3417	357	765
124	208	2436
91	289	1411
620	339	3658
569	149	765
3975	493	2326
4962	912	1492
3317	243	4597
1065	126	2088
3367	289	3079
3480	448	3669
1453	779	1956
2805	926	2979
4218	779	2380
1500	248	1282
4855	750	1282
2632	204	3864
1021	352	1270
4232	912	3616
3814	448	2866
5023	878	4430
4284	351	1846
3910	419	766
3841	351	4371
2675	243	5025
4572	912	3616
1310	149	4721
3518	351	3778
4563	366	3616
3861	352	2436
4395	289	2617
463	333	244
1287	417	896
3841	912	3616
4994	339	3658
3290	677	978
1579	410	1612
4118	419	1273
3404	149	967
2023	351	3221
3374	289	3427
2853	643	4607
2014	352	1846
1790	289	2555
3098	342	1487
3282	357	1282
312	357	2170
627	750	765
633	357	1845
1853	642	3833
2460	284	2527
4374	912	4131
4031	357	2081
1613	584	2436
1822	150	4277
4634	352	1846
238	448	357
2469	366	1837
2257	351	765
979	642	453
921	779	4547
96	289	2707
481	352	765
3230	289	2472
1373	750	1270
389	289	578
574	419	766
2250	149	765
4545	912	1837
4498	351	1845
651	660	3483
1427	243	672
2181	351	1846
1807	419	766
516	284	381
3275	289	3079
4568	351	2979
563	558	4137
3043	342	5211
2624	912	1837
847	149	846
4554	912	4846
4573	352	2979
2155	779	1931
3294	642	457
2999	448	4523
3540	419	1960
5035	683	1282
2854	912	4846
4584	448	5076
2688	352	2590
3914	492	1930
2945	352	2962
2444	358	3512
2500	926	4726
2665	204	3768
185	448	5076
2038	926	1845
1108	351	762
5084	352	1846
1437	351	1099
1720	289	4646
373	854	4573
1312	352	2979
3111	34	944
4984	351	4091
1736	62	762
329	419	766
2213	539	2211
5113	289	531
1999	204	2110
5042	284	3813
4371	635	5164
98	342	458
135	419	766
2480	352	3221
1740	357	1270
1427	640	672
4390	448	2289
4580	817	3691
970	769	2076
323	642	409
3453	779	2973
4809	126	4836
4596	351	1846
4605	339	1716
1708	642	41
4411	204	4792
4605	352	765
3404	750	4051
2362	502	3843
4186	289	2026
242	854	4475
2459	351	1282
4843	357	1845
3898	912	1837
5002	351	2230
2629	339	3448
305	846	4988
3894	480	3893
227	357	1845
2555	912	4846
1859	484	1846
2588	289	2839
4523	454	1383
4634	339	516
3113	708	5205
4395	289	4247
1362	357	1845
3559	357	966
3136	525	4162
766	779	2665
3964	149	4764
659	912	3616
746	149	4307
1856	62	780
4762	357	1846
1336	351	764
1749	352	1270
2361	289	4822
4484	351	1845
3624	912	4846
2471	351	2436
1658	351	1993
920	448	1383
2804	339	308
4113	352	1459
4676	243	4597
3605	62	2436
4621	243	5024
2901	660	4486
2023	410	2700
2968	323	1685
2535	201	1039
920	448	4347
1871	484	2665
1581	410	1591
1708	357	1846
2668	357	4735
3586	357	3399
4819	352	1099
4446	926	4371
5213	357	2973
155	357	4033
4138	284	4631
4117	351	765
2039	448	3698
1985	366	1837
532	94	1845
432	402	174
654	342	3238
449	357	1845
2051	912	1837
434	912	766
1389	289	2631
315	448	5076
650	352	3890
3105	926	1846
1384	352	1282
785	357	1845
3136	410	3083
4253	683	1226
296	402	145
843	695	758
1654	912	1837
3075	357	1282
86	419	766
4263	289	1998
3274	289	590
4049	352	1846
2404	366	4131
650	446	2866
3817	912	4846
2283	419	766
3661	419	766
3282	357	3693
207	358	242
1721	125	88
3287	357	1845
3290	448	2289
1972	149	1007
1437	747	3554
1687	642	457
3136	652	4198
3240	289	654
2563	34	837
4374	708	4678
1310	239	4041
1427	419	766
4844	243	1987
590	351	1845
2916	351	2710
2929	912	4846
4832	912	1837
4368	351	1845
2144	419	766
2404	912	3616
5005	342	458
4843	642	421
1397	912	4131
86	125	140
2973	419	766
1296	393	3337
3256	289	603
4129	926	2133
4146	149	2935
2473	94	1845
2155	779	4158
2405	351	1845
2253	912	1837
2508	358	4769
581	912	3616
4384	366	1837
3932	263	314
2304	357	1282
3820	180	3795
388	926	1846
426	448	2289
4790	622	1468
4446	448	5221
1502	289	2145
3932	289	4167
4818	284	3451
4294	289	1989
2439	912	2750
288	448	4759
4582	351	1845
4985	366	1837
1986	351	3452
1859	62	2436
2404	366	1837
2810	351	3053
2426	493	928
283	358	1681
5043	339	4994
2398	176	506
1021	351	3399
3764	254	2989
2977	357	1845
2743	357	1845
3238	289	4205
1761	419	766
2605	419	766
321	640	2024
4049	166	4956
3577	62	5124
1708	642	409
1657	351	765
3309	642	457
3178	351	762
4208	342	245
3802	419	766
2315	351	780
3957	366	1837
3624	351	1845
3538	351	1912
3260	176	4564
4310	419	1284
2102	339	3658
3375	642	453
1715	352	1845
4474	912	3616
4669	323	4186
2928	351	1282
2729	635	2806
456	357	1845
3018	351	2732
5043	284	5214
342	357	3433
3865	708	1219
3230	289	4301
23	357	1958
4000	94	765
1100	284	4831
2545	695	635
4301	708	220
3110	912	4131
2930	351	1845
3268	289	1323
3158	366	1837
4707	366	1837
2132	289	3517
1282	419	1284
3378	176	5060
4818	34	1845
3365	419	766
4775	149	2436
5019	34	966
4341	289	4059
4007	912	3616
108	289	2388
3600	62	4424
4901	750	1282
3513	351	2975
3463	492	1930
231	289	2297
361	387	3664
4293	419	766
398	926	765
3400	204	523
3795	351	2081
3814	912	4332
4816	339	615
126	208	1036
3069	149	765
1794	289	2996
4007	351	3432
321	263	322
1337	352	2436
205	938	3952
4429	351	1115
671	912	3691
3198	352	1846
4633	358	61
2580	419	766
3759	695	2522
362	419	766
4262	448	2289
1681	351	1958
1413	708	692
1939	351	3919
3948	708	833
48	912	2750
3042	352	1277
2217	201	3734
766	779	967
921	779	1508
3932	642	3951
3955	448	4347
414	640	4283
4735	635	2290
4769	448	4523
3658	166	1836
3404	750	967
3841	351	5164
3251	419	766
2522	912	3691
41	769	1846
2433	351	2203
4707	94	837
1121	605	4335
2133	419	1273
208	769	1845
2870	493	1674
2142	358	142
3798	351	1060
4129	94	2081
5	176	3080
3043	912	4846
3117	351	2436
4104	204	3889
3094	351	1845
145	448	4661
4341	289	3088
4682	289	3795
3999	912	4846
2644	289	3187
3290	642	4572
1657	912	4846
4190	246	2053
3278	419	766
4378	357	1845
344	480	290
1464	126	1498
617	34	837
1329	415	3266
3122	351	1845
282	846	3105
2670	357	1845
1681	358	1417
4948	769	3431
4467	926	1846
4677	642	672
1666	149	1073
4676	640	4597
1021	94	3399
3457	419	4218
4335	539	4337
1954	357	3534
3591	62	2783
1706	419	766
2356	357	2081
4412	779	4158
4294	357	1845
1848	125	455
1338	338	4291
3213	27	2436
3812	352	1845
2198	642	4645
4622	351	4655
2023	525	2700
1376	352	3053
2490	351	2979
4292	289	4637
1084	352	1270
1330	912	4332
3313	419	766
2892	358	435
2266	912	2730
3927	357	1846
3306	419	766
1792	125	9
465	731	1089
3268	357	1846
691	243	4080
719	289	4616
2589	419	766
4496	912	4846
2531	323	3276
3865	352	2069
4926	351	3209
899	448	3698
3283	289	4641
1121	794	4335
3039	352	762
2093	357	1496
315	448	5119
4448	351	2081
3534	419	766
3496	113	2282
2345	352	2665
3965	357	1282
4208	912	1837
920	448	4523
642	352	2081
337	638	440
3463	779	2394
2658	351	2979
2838	351	765
597	351	765
1822	419	766
160	448	1840
1038	419	1273
1327	357	1927
5043	284	1345
3248	289	4561
4634	284	4817
3079	351	1845
179	333	36
55	358	201
4315	357	1845
3298	289	4640
4931	149	559
4594	351	2548
1685	243	2492
4996	708	1220
788	126	888
61	358	25
671	817	1124
2872	446	3808
2142	448	167
2643	419	766
3507	125	9
3790	149	1007
3356	263	3357
2471	448	3669
3828	366	1837
4755	94	1845
2484	351	5175
2527	351	1845
322	419	766
2017	339	3448
538	94	2665
4489	358	283
187	640	4526
3087	708	5197
2784	62	2783
1010	357	3008
3369	419	766
3124	865	4958
504	351	765
2899	357	765
305	122	4988
101	926	648
1869	62	3975
4779	912	4332
1502	243	4987
1696	635	2076
201	448	344
2594	357	2973
3185	643	4593
2637	351	2030
1094	711	977
2798	358	2758
2878	351	765
2362	352	1845
3808	454	4184
1393	419	766
3161	351	2436
3098	27	3236
25	448	328
381	342	4545
4582	94	1845
2608	419	766
3136	692	2065
3446	352	2979
3806	708	610
3239	263	3240
456	176	3085
3309	289	603
2048	357	765
4634	339	5042
729	750	3399
1343	708	5205
2069	419	1063
1488	208	3416
3273	289	2704
2267	239	4980
3367	640	1432
4599	352	5211
3128	660	570
917	289	3943
3933	351	1270
516	339	5042
2954	289	2603
2511	351	2302
98	926	765
474	366	4332
3318	176	5016
2010	352	1659
3496	352	1270
3058	149	3057
137	448	4347
4541	351	3523
615	34	1845
3171	351	1845
3248	289	2930
2551	683	967
3288	289	2266
3661	243	817
1712	769	1464
766	779	1273
1823	289	2637
5023	351	1248
4480	351	2349
617	27	1446
2579	352	1845
4507	366	1837
615	912	3671
2451	419	1273
1785	125	88
3643	683	1945
4159	912	3616
4622	415	633
5055	708	692
3295	419	766
470	289	5161
2344	339	3658
3355	289	2025
3244	289	1438
3276	289	800
467	289	654
4601	352	1845
2436	357	1846
92	289	602
580	351	1845
314	677	3932
144	769	1845
3958	351	1845
40	769	2436
820	642	9
2876	448	5072
5006	912	3616
3720	750	765
4739	366	1837
4224	204	3618
3033	351	2081
4641	912	1837
3086	448	105
4629	351	2436
3227	208	5229
3251	289	1985
1707	289	4708
2076	357	967
2992	338	4291
3489	149	1665
1757	358	1023
4375	912	4846
3003	351	1846
3254	419	921
356	208	3433
5100	492	1930
4463	34	837
1819	357	1846
2788	351	2518
1969	352	2962
2891	926	2081
4022	750	1226
288	357	765
4497	351	765
104	926	2436
3185	747	4313
4292	289	2637
2204	683	2203
2154	368	2379
3933	912	3616
4783	419	1273
3356	642	4167
4028	912	4332
131	615	158
444	926	1845
4429	352	1845
3937	351	1845
942	62	5175
3436	448	1840
3648	352	2958
3310	289	4541
2631	352	1270
5214	351	2884
4597	912	4846
4381	912	4846
4032	912	2730
1497	419	1960
2028	419	766
4488	912	3616
1427	125	9
369	289	602
108	289	4007
2132	289	3130
5162	34	1845
4692	677	4292
3989	683	3399
3074	339	2344
5181	525	1027
2023	652	3498
899	912	4332
3758	695	2446
4934	454	311
2569	339	533
300	640	2229
3441	352	1270
2826	284	4049
2566	912	4846
2530	351	1845
1756	34	1270
382	289	2623
282	846	4171
4593	930	2362
2658	366	1837
2516	77	3460
3547	208	2958
422	419	766
2007	640	4275
2603	366	1837
3379	289	3040
3311	289	5153
4996	912	3386
1457	357	1927
3427	912	4846
4294	419	766
3251	642	275
1280	243	672
457	421	4524
280	769	3399
277	769	1845
323	289	601
261	448	26
411	926	765
4794	204	5114
2613	448	3698
2433	351	1845
4600	351	2979
4498	912	3616
5161	366	1837
1436	912	4131
601	351	2979
3849	351	2230
2905	750	765
3513	366	4131
96	289	4653
754	352	1941
1397	351	4371
3244	448	2289
4003	912	3616
4796	635	3714
1846	419	766
1706	289	2837
5024	351	966
3354	289	599
1121	794	872
2038	912	2730
1940	289	3130
4922	351	1845
1259	357	1845
2405	708	3238
436	855	2059
4555	448	5076
771	34	1846
5083	284	641
4218	779	4414
3518	351	1846
112	358	15
4568	912	4131
686	351	2710
1726	149	2368
2240	446	2674
4232	351	2979
804	34	1270
3199	351	1845
3846	926	765
2506	351	1032
3033	351	3416
2568	149	765
785	419	766
4139	299	4969
2615	352	2951
282	926	2436
2944	357	1282
2758	448	4523
2455	351	3432
3152	419	4189
2460	351	2382
3894	300	387
38	640	4460
373	938	3831
1927	204	2984
678	289	3947
4816	352	1771
3367	419	766
3831	351	2349
4126	149	4125
2152	366	1837
3254	419	2377
4208	34	1845
4675	642	4043
2166	351	1846
246	289	5096
1322	912	4332
3241	243	4594
516	34	1846
5130	62	1372
3230	419	766
573	683	2349
3600	357	1962
672	912	3616
167	454	1678
3316	289	3117
4601	351	2979
183	289	4641
4605	284	3813
3277	289	3079
3238	289	3194
1785	289	504
4205	912	4846
1845	204	3432
1654	708	3238
3124	284	4591
91	642	3183
2461	912	1837
2939	149	765
2827	415	3930
1256	289	4159
5124	357	1282
3239	289	2405
4115	366	1837
606	750	765
4692	419	766
4585	289	4167
3998	912	4846
3292	176	3085
1517	176	4564
2093	357	484
3932	289	2827
4986	351	1845
715	683	1452
2109	351	764
1108	284	4817
4292	419	766
4372	339	1921
3448	351	765
2823	912	3691
1373	750	1372
691	419	766
4563	912	4846
766	779	4824
300	289	3483
1703	640	3936
89	357	1845
3421	289	3943
676	149	765
367	289	4507
2713	351	2556
4573	351	765
2229	351	1845
3238	642	3519
2539	352	3417
2900	149	765
386	289	3022
1453	779	1452
921	779	2215
2713	366	1837
4491	912	1837
1497	635	4020
2035	34	1845
250	289	4647
2929	351	4091
413	357	1498
1389	419	1284
2569	708	1220
5065	750	5049
1819	289	2555
3275	419	766
3849	351	1845
3952	358	3512
1689	289	2253
3304	357	1846
4450	912	3616
2102	357	1659
242	846	3102
4634	339	3804
3990	149	1270
2402	351	1845
978	263	979
3374	289	4512
5019	912	4332
334	448	5076
4769	448	2808
4775	149	765
3240	176	5060
4944	419	766
1823	642	457
2665	635	3768
3823	243	3093
1708	125	41
3503	351	2230
4611	351	1845
3171	351	3024
2952	289	3089
3358	289	4007
3276	357	1845
4655	204	958
1690	642	4460
2688	351	1958
2398	243	1655
112	358	472
1249	635	3652
3266	419	766
4391	289	4509
574	289	2164
3321	289	2707
398	926	648
1828	289	2624
1063	492	1930
2590	357	1958
5067	351	1919
82	419	766
2569	166	3386
1863	62	523
3289	125	9
2819	419	766
771	339	1430
597	351	1846
2150	358	2758
3891	912	4332
1398	351	1845
4426	779	1927
314	125	9
2781	149	765
2839	94	1845
2319	912	4846
2471	34	765
4447	878	4430
373	357	765
3694	779	1282
1273	779	2081
4277	351	1845
17	926	4051
968	125	9
3980	149	3777
104	342	835
2682	289	4622
399	342	2694
4592	366	5180
2579	351	4726
2793	352	1071
2756	493	915
2617	34	966
1525	357	1962
1273	779	4338
3488	357	1927
389	289	4928
557	284	4994
2546	254	3650
3707	289	4822
3101	358	398
4214	750	1226
3694	779	3693
4463	912	2730
5061	351	5164
4186	289	2533
3707	125	88
1307	357	765
53	642	41
250	289	4928
1886	502	3446
3427	351	2136
942	62	4158
116	448	1678
3093	366	4131
5003	351	4726
2527	352	2979
583	419	766
5042	284	4283
1417	448	311
163	938	2804
4247	180	1989
4505	912	4846
369	176	3085
926	419	766
687	204	4001
899	912	4430
4634	351	1927
4797	779	1282
3273	357	1845
2044	357	1282
1430	351	1529
2542	243	4267
2608	176	500
155	122	3512
4710	448	3698
2841	352	2979
1986	366	1837
4509	351	1846
1273	779	2723
5083	284	2344
2106	284	4996
4381	34	2651
3665	683	765
1284	779	1007
288	448	1840
3077	351	765
2344	284	1108
2067	357	1845
1432	912	4131
5113	357	1845
2132	357	1845
690	912	766
225	419	766
2325	289	1020
1724	750	1945
2182	352	2824
248	448	1678
1108	34	1845
1945	752	3644
928	635	2426
921	779	4204
815	683	1282
766	779	3534
4399	419	766
3239	289	2256
2868	683	1498
731	149	1270
709	243	5024
5055	415	1829
3179	419	1960
52	289	1316
2504	912	4131
1123	779	2719
573	149	2349
4390	289	858
501	351	3068
2580	448	2703
4757	357	4758
1998	366	1837
852	289	2555
1329	351	2729
4479	708	694
1424	351	1845
1768	149	1007
2172	149	1007
3850	351	765
4351	357	1007
1654	351	1845
4177	357	1945
806	351	2979
2684	289	4472
4605	448	4035
2167	351	1845
4826	351	2979
3394	351	3975
4631	352	765
4167	351	2979
3947	446	2289
3090	27	3378
2316	750	966
596	351	2436
3931	243	4167
4171	448	5221
1515	419	766
1985	912	4846
1397	351	1845
4027	912	1837
4596	912	4846
4631	865	1649
3796	912	4846
778	299	1282
182	642	147
868	912	4131
2535	393	958
1749	166	5222
707	912	3671
197	448	5119
2866	454	1383
3122	351	3131
4549	912	1837
5155	419	5100
2869	419	766
4561	912	4846
1646	289	603
4495	352	2979
4512	912	4846
2828	912	4846
515	351	765
1488	208	4726
4761	351	2976
320	926	882
3258	419	766
2894	926	765
2480	34	989
207	448	268
557	34	1282
2142	352	3432
707	448	1470
4821	352	765
2514	683	765
25	448	5076
4567	912	3691
2658	366	4131
4526	824	186
1784	419	766
4682	289	4637
1335	750	765
4524	352	1845
5096	351	2360
4497	299	765
2805	926	1845
1838	351	2958
873	149	1270
3980	149	1226
3483	351	1115
1088	351	2979
1106	289	4832
4028	358	545
2214	769	2962
672	351	2979
5080	204	559
3369	263	3370
4412	779	1927
282	926	1846
3349	352	2979
160	342	458
394	448	1678
3284	419	766
466	357	1846
3040	912	3616
4481	525	3083
917	357	1845
4991	493	3051
142	358	310
317	448	5221
3101	448	5076
2041	126	3021
3839	912	4846
1336	352	1071
2840	34	837
3864	357	2632
3117	912	4846
569	149	2783
4586	351	3452
3220	419	985
619	357	2081
1704	289	603
836	683	1282
2835	357	1282
1343	351	2137
3938	352	1099
4465	912	1837
707	339	615
1798	243	5024
3220	204	2867
2958	419	1273
679	357	1452
969	794	872
304	357	1845
3101	878	4430
108	289	4453
3642	149	3641
3694	779	4196
1958	752	1960
3075	34	1282
3129	351	765
4479	351	2979
3077	448	4035
3088	351	1845
3239	289	4586
231	419	766
242	342	458
83	289	1770
1003	284	4372
3245	640	2841
2290	357	4735
3711	419	1960
1708	289	600
2627	352	1270
423	640	546
1685	642	88
200	448	3698
3773	77	687
87	926	1846
739	149	2408
4559	643	4819
4046	683	765
3480	912	3671
2849	708	3298
4568	912	1837
112	358	180
2134	493	2133
4928	708	389
1273	779	3071
2135	351	765
2045	750	1282
3399	126	523
2073	289	5102
2827	912	4846
2253	366	4846
1893	243	2496
3676	176	500
3190	358	373
2338	912	3671
2804	351	684
610	289	2258
2398	289	2531
1502	640	2918
1792	419	766
581	415	3282
3240	289	2256
1273	779	2886
3240	289	2405
4676	125	457
4678	125	147
2155	779	5175
4478	351	3631
2338	912	4332
4539	34	1845
3241	289	4563
3238	289	536
304	642	243
2837	912	4846
4395	419	766
3374	289	4653
5214	284	1763
501	339	4817
1757	342	2694
1273	779	1929
2719	419	3463
4448	34	2081
3970	926	765
1867	62	1673
497	750	765
2652	912	3616
467	357	1846
1262	493	2410
3196	351	765
4579	352	2436
2175	912	4131
4374	351	4371
54	454	344
356	53	4151
678	419	766
4988	387	3664
4180	176	5016
1822	289	3183
4453	342	108
1784	642	457
3258	289	585
102	419	766
3117	351	765
2466	419	1273
4046	750	765
307	357	765
1453	779	2988
2446	352	1270
2823	502	4607
1254	368	2313
1984	683	4383
4209	357	2665
4161	176	3085
3169	419	1273
4392	289	5085
3136	410	3177
1293	126	4673
4592	366	1837
2977	289	4366
315	926	2081
609	289	4549
97	480	165
1273	779	1270
2723	419	1273
391	419	766
3824	38	2782
4129	342	2958
3454	635	4121
3301	289	4744
4559	527	4571
3283	289	603
5135	62	1993
1370	357	966
451	419	766
2242	752	1960
1006	750	1452
941	289	1432
314	289	4167
2861	204	3504
3241	419	766
3018	448	4215
2833	635	3017
4524	352	5211
3711	338	1495
1410	357	1845
651	351	1845
354	125	9
4129	351	2081
1794	125	9
3205	299	2955
3138	357	1846
2372	419	1284
355	677	354
5	289	4474
3078	351	2426
533	34	1846
590	366	4131
1273	779	2639
279	342	1115
4755	366	1837
510	357	1845
242	448	344
4007	912	1837
1715	351	1071
3679	366	1837
4456	352	1845
165	480	241
5078	34	2081
2031	683	765
1814	125	455
4739	358	180
1020	351	1845
4297	351	4091
2508	448	4523
3227	357	2973
3273	243	4665
4455	351	1845
2264	254	1645
2536	912	4131
1657	351	2436
3240	289	1654
3997	750	966
42	615	40
1681	94	1958
65	419	766
1740	357	1846
5058	750	765
2214	539	2211
591	351	2436
434	34	1846
3931	289	4167
1866	484	1846
476	926	4371
1853	419	766
1655	912	4131
5043	284	3813
3486	779	1927
3175	351	3432
3588	208	649
2711	366	940
1749	166	4956
2996	351	3700
2025	912	3616
4019	683	4018
3993	750	2326
3931	263	3932
395	402	174
4509	27	4391
2826	284	1336
2242	126	752
1436	351	2979
3772	912	4846
2893	351	1846
2684	419	766
137	926	1845
1088	912	4846
1350	926	1845
434	352	765
3100	419	2219
4432	493	4997
4556	351	490
63	243	2658
5214	339	707
942	62	4813
1071	357	1282
633	289	4622
483	683	3220
3754	254	2348
5023	912	1837
222	769	1845
578	366	1837
2362	944	4593
3093	351	2979
2038	351	958
1991	448	3698
1011	351	2951
729	683	3399
2608	125	453
3947	27	4684
189	289	2838
2685	357	1845
4642	339	4994
4578	351	2032
4464	351	1846
320	357	1282
2684	289	2321
1915	830	3538
1658	351	2081
3355	289	3943
2952	289	632
3935	352	1845
1838	912	1837
2739	351	2081
3294	289	857
2837	180	4489
3293	289	2483
852	289	1062
2255	351	2979
4561	708	3248
4852	289	3403
2637	366	4131
3093	912	3616
788	635	888
757	448	1678
1530	352	2436
3451	351	1307
4282	782	713
4201	351	2958
73	419	766
3665	750	765
4381	366	1837
641	708	1219
3914	779	1962
802	635	878
1819	642	409
2752	149	2951
314	289	2827
185	358	35
5056	352	2979
1823	289	4622
2152	912	2730
5078	366	1837
3182	339	641
1510	419	1063
5001	357	1282
3826	683	3452
4283	27	186
4460	351	2081
3970	387	3664
4389	642	147
1724	683	1945
4047	289	2893
4390	125	140
744	149	523
1269	166	5031
4268	289	3828
3252	419	766
2661	323	382
2105	352	2436
4994	284	1763
4338	204	1451
3883	351	765
2219	779	2665
3355	419	766
2471	351	765
2824	419	766
3937	944	4593
5025	34	1282
1579	410	1633
1240	351	764
4914	769	1464
1041	419	766
1704	289	542
681	352	1659
4208	660	2613
282	342	3105
487	88	2062
4523	300	2508
1065	635	2088
4621	289	4479
3080	448	1678
192	448	4347
1579	410	1533
4000	366	4846
1814	289	3103
2154	695	2522
2869	125	455
572	366	1837
5	243	3087
91	642	218
591	351	765
4247	351	2696
3023	357	1468
4495	351	1845
578	351	1103
376	926	1846
2539	284	5056
4746	419	1284
529	125	140
641	352	994
1791	289	504
472	358	180
1708	289	2706
4347	454	5180
5055	351	2979
4104	419	921
283	926	4969
3679	912	1837
1740	419	1284
3087	415	335
3424	419	766
4477	660	3958
3284	357	1845
3974	149	765
4049	747	3559
1962	126	1912
2512	419	1273
2542	289	2353
5192	539	4337
2724	176	2352
472	912	1837
1991	926	967
4446	352	5211
13	642	5008
766	492	1930
5085	351	3024
3833	912	3616
5095	448	3698
2309	926	1845
1749	166	1392
3242	640	4526
2318	357	3034
3414	419	766
3188	525	4162
2350	149	2052
4991	357	2081
5140	62	4721
2892	926	765
4623	351	1248
3185	351	4371
533	299	1659
4272	351	1845
4446	339	2805
557	284	2344
1337	352	765
1345	912	3616
1284	779	1282
2404	351	4091
2864	180	3796
4501	419	766
290	480	260
83	419	1273
11	289	4208
2173	351	4809
2999	448	4972
2476	351	1845
2839	912	4846
2623	912	4332
2814	493	2560
4374	708	5205
4818	352	1846
303	769	967
3957	351	4371
5230	289	3883
4631	339	3658
3441	34	1846
187	289	3942
5096	351	3024
4163	750	1845
504	323	1785
3947	27	3508
5126	201	4156
4559	817	1492
3249	289	597
2801	351	3176
3185	930	3843
1736	62	1071
2644	419	766
4256	683	1845
1940	640	4645
4283	824	186
3043	366	3616
5153	415	3293
2828	351	1845
5217	642	453
4227	357	1846
3837	351	2979
4475	34	1845
4389	419	766
1998	912	4846
4462	502	4819
2444	912	4131
2500	926	3416
3467	239	4041
4199	357	4735
5059	366	1815
2856	351	1845
2509	357	1282
1831	176	2500
1408	339	4643
1831	125	9
434	912	3671
3239	640	3519
2593	419	766
61	358	2931
3654	342	1487
4605	34	1846
4297	366	36
1108	339	901
2110	782	2561
4125	357	1958
3894	300	373
4087	149	2884
2398	419	766
92	642	457
650	448	311
4098	352	1024
1004	352	1252
2581	351	2436
3229	419	766
55	358	98
2145	351	2348
3078	351	928
2905	149	765
4932	204	4231
4843	289	602
1393	289	1656
906	351	3609
104	448	4523
3932	677	3931
3417	357	1846
4648	912	3616
4707	366	2746
31	781	5187
1216	357	1845
1428	366	1837
4683	419	766
745	149	765
1848	289	3088
3325	239	4041
1502	289	1424
1594	62	3889
3925	368	2392
2568	149	2436
2828	27	709
1819	419	766
435	926	1498
456	357	1846
4183	912	2730
744	149	3399
3022	351	2136
5213	642	457
4593	502	3185
2798	912	4846
3463	779	3693
1428	708	695
1104	352	3030
3260	289	5067
2052	493	2376
4852	419	766
4543	352	2979
4611	351	1099
3802	640	4167
2446	352	1072
3390	204	3391
2855	323	5113
4440	351	765
4167	912	4131
2915	149	2913
4700	125	88
5066	351	1845
1303	419	766
4844	289	5067
4541	351	1845
3447	284	512
356	53	3433
2805	352	2979
1787	289	3094
4483	352	1845
2160	419	766
3516	351	1845
4245	145	3190
4764	782	713
2315	708	5205
3374	642	453
2728	357	2406
3249	125	9
1981	149	2665
334	926	765
2508	448	5076
5043	339	615
1061	419	1284
4019	750	765
4007	351	1845
1310	511	4041
4927	351	3053
91	419	766
812	779	4735
1510	204	2069
1778	419	766
5000	351	2979
3695	289	2928
437	642	4003
2637	34	837
3088	351	3053
3349	352	1845
5091	351	997
1820	289	542
382	642	2623
4700	289	3904
4388	289	3117
1886	351	1845
766	779	1846
3075	166	2595
281	926	4943
1823	243	4277
4420	357	967
4246	149	3399
3293	419	766
1685	289	2968
3136	652	3498
3544	313	2979
4214	683	1226
4233	351	1845
1500	409	3913
1994	493	4111
3956	352	1845
1398	366	4131
4379	351	1846
1301	149	1012
3356	289	4167
5078	351	2081
4677	289	4496
3428	683	4735
2334	448	5221
1406	34	1845
1079	149	1958
1438	323	4690
615	351	1845
1722	289	2484
131	208	3399
3032	926	4726
4994	598	4840
4388	357	1845
4783	419	921
367	357	1845
3543	208	2081
778	351	975
43	208	2436
1437	352	3432
1882	62	2436
1293	635	4673
2391	419	766
4442	912	3683
4631	284	557
466	357	1845
1328	180	1914
4660	289	3812
2541	351	2323
2522	351	5185
2929	352	5175
3016	254	1929
2048	419	766
394	448	170
2086	419	1273
3268	289	2297
189	125	453
2152	912	3616
516	284	4634
563	149	2436
4732	357	1270
2014	415	670
4386	289	4296
3665	149	765
4818	352	2436
3139	683	765
3934	708	5205
2253	708	695
557	284	3853
3252	289	2555
2826	284	2105
4731	149	1270
3913	204	1118
2942	454	4523
4830	926	2556
4984	366	1469
4072	652	4040
26	480	167
4267	351	1845
3814	448	4523
3190	34	1845
1849	149	1883
1715	34	1845
2579	912	3616
4479	351	1845
354	263	355
4280	342	252
3894	300	307
3846	926	2436
3278	289	3943
3485	351	1282
4893	750	3203
2520	149	2518
1815	289	4499
4308	149	1370
3883	351	1846
4675	289	4472
2837	351	1845
220	289	522
978	640	4572
2783	357	765
2027	415	4329
921	779	4839
1940	640	3448
968	289	3040
5089	351	2979
1646	419	766
1382	92	1711
4277	351	4655
3276	176	3000
2348	126	1075
2629	284	4761
4676	289	3514
2362	352	4371
2954	176	4564
1559	34	1653
4498	912	1837
1931	635	4533
4631	339	4821
2051	180	4450
1925	419	766
314	243	4167
4721	493	3626
831	419	766
1780	642	3479
3356	289	4540
560	351	975
2884	419	1960
1755	351	1007
503	747	3584
52	289	515
2102	352	1659
4844	642	5067
1320	358	4573
4177	419	3644
1794	289	4489
367	642	9
1408	284	2892
557	284	4049
603	351	2436
4446	448	4347
670	419	766
4491	351	1845
3960	342	199
641	34	1845
104	342	457
282	122	3967
1330	358	413
3240	243	3519
3880	149	1958
1740	419	766
1270	419	1273
203	358	25
2017	351	3778
2109	351	2906
382	357	1845
2929	366	3683
920	926	3176
4072	410	2171
4642	339	557
551	357	1282
4446	448	2866
790	352	4813
2822	357	1931
4818	339	4643
3891	448	5188
3833	351	765
4993	289	4003
5213	176	5060
775	289	2334
2462	149	765
4455	351	3390
273	926	1845
1033	351	3390
5053	357	1282
844	351	3488
3239	289	4205
2175	351	1115
4054	351	1845
900	352	1845
2035	94	1845
4480	351	765
2793	448	1852
183	289	4712
3486	492	1930
4914	769	1498
3306	289	1328
3300	289	585
5042	34	1846
885	34	1270
3051	419	766
2853	201	1039
466	419	766
4676	289	5055
4614	351	2137
4452	351	1845
1958	126	2590
2357	357	1845
1810	263	1808
2739	351	4726
456	289	4375
1240	912	4332
5091	352	2979
371	642	409
2908	501	4980
5133	484	1845
3931	125	243
4302	351	4371
1408	339	4649
3534	204	1954
557	284	4816
676	750	675
2498	912	4846
4003	366	1837
217	732	75
363	419	766
2477	149	2394
4709	366	1837
2182	415	4328
1256	243	546
4973	77	1932
416	926	1099
4163	683	1845
3275	640	1436
3409	352	1992
1417	448	1383
4551	912	4846
515	708	633
2461	351	710
2555	34	1845
218	208	1036
4218	779	2041
610	357	1845
4985	351	1919
1345	351	1418
1794	357	1845
1351	351	2081
87	357	2436
3245	419	766
1062	351	3221
585	351	2436
142	926	1845
3356	289	2563
1273	779	4149
3160	149	3399
2105	865	2200
4700	419	766
661	912	4846
3421	289	4554
1760	357	3399
2903	357	765
2565	351	4200
35	358	242
281	926	3631
642	351	4420
4708	351	2400
4821	284	2200
3277	677	3278
3188	692	2065
557	351	3693
921	779	2122
2574	351	765
3538	527	1915
3223	419	766
3182	339	4201
305	357	2436
817	351	3024
2639	752	921
2578	351	1919
4682	289	4463
3309	419	766
4280	448	4934
4231	357	4932
921	779	1844
3288	640	4526
2334	351	2979
4740	357	4960
5132	62	662
4414	419	4218
4996	455	3386
211	926	2230
4554	351	3053
189	642	453
4201	339	2688
2471	352	1665
3171	944	4607
4049	352	2436
538	352	1115
4890	149	2962
2090	351	2979
3037	419	1960
2038	926	4655
2637	27	3295
2693	547	887
1921	865	1836
1874	62	2962
4615	912	4332
650	448	4347
384	289	2901
2956	493	1674
3278	677	3276
1754	598	4840
3464	357	1282
1782	289	4379
572	912	4846
682	149	765
2319	351	1845
4245	299	2979
4894	683	3913
3932	640	4167
353	125	9
166	480	268
2351	708	4394
4994	339	3862
3833	351	1846
80	640	656
2526	351	765
2334	448	5119
3440	352	2436
2752	149	1282
4512	351	2232
3089	27	304
2931	351	3053
4739	358	112
509	642	9
281	448	3894
4194	204	2044
2229	912	3616
3488	204	2322
4710	448	3894
557	284	4642
3573	62	3417
2498	912	3616
3370	289	1741
3894	480	2866
2818	125	455
529	289	4616
3599	357	4365
3563	77	1659
4617	419	766
4563	351	997
1931	126	4533
4692	289	2637
5	642	147
4507	366	4661
3366	419	1282
481	351	1845
3374	677	3375
1969	92	2214
3129	912	3616
533	351	2161
1272	419	1273
2973	635	710
2810	417	952
101	926	765
1741	351	4969
833	243	5008
285	926	1845
222	208	4091
3097	34	1845
3893	300	2425
183	640	2257
317	448	5119
2653	357	4104
3894	300	163
4228	149	4227
1720	289	4512
1273	779	4132
921	779	1935
4118	204	3878
3440	817	3691
3022	912	4846
3352	419	766
48	448	105
3313	125	457
2891	358	137
83	419	766
4335	769	2436
3844	708	692
4555	351	2979
373	938	4573
3440	352	2136
2007	289	4592
2110	357	765
52	419	766
2413	448	5167
236	448	3894
4631	284	1921
3961	366	1837
3579	208	1282
2088	357	1065
596	351	1846
1806	419	766
4570	926	1845
4477	351	2689
4205	351	1845
3804	352	765
320	926	1282
4349	254	1464
796	750	2122
1800	419	766
3684	357	1845
2207	357	1282
5214	339	615
921	779	1945
137	878	4853
1720	289	2297
4508	351	3082
2404	351	1845
2531	912	1837
4928	912	1837
2039	351	4371
4599	351	2979
1653	752	1960
3090	708	2361
4754	493	1008
2774	351	4753
2150	448	4347
4115	94	3220
2344	284	4816
388	357	2436
2720	289	2334
1327	125	88
2362	643	3843
3366	419	1284
4017	77	2985
3104	912	4131
4756	254	1736
1323	912	4846
1684	539	4337
3601	357	2081
1003	34	1282
920	351	2552
411	926	1846
3970	912	4332
15	358	112
2093	357	3037
2102	351	1659
5067	351	1845
307	448	1840
4150	289	5040
110	419	766
4024	366	1837
3294	640	2257
5217	640	546
2296	351	1464
761	419	1273
4843	419	766
2224	357	1270
3136	525	3177
617	351	1845
3357	289	2928
2145	351	1075
535	352	2979
2542	289	4709
3816	750	2161
4216	750	765
3078	357	4315
2823	351	5176
80	357	1282
4328	125	88
3182	339	577
1023	926	1665
4301	34	1845
1620	62	3429
3431	493	3416
3376	289	4582
4994	284	571
2876	912	4332
2941	351	2979
3453	779	1845
5096	708	246
52	289	2802
4251	357	2273
2513	204	1028
4210	246	2294
5153	351	3633
3507	419	766
1329	27	2632
38	289	4159
220	289	4301
420	448	5119
3252	289	3943
3171	299	1099
492	642	409
61	448	156
3814	342	458
2580	289	3170
1952	338	1495
2798	448	2866
2039	448	3894
5139	62	4203
386	125	457
2483	49	4450
1984	750	4383
3185	352	3432
4821	493	1736
4706	493	1736
5039	289	3957
3768	357	2665
3643	149	1945
575	289	2562
2601	357	2379
2406	419	766
2150	351	3621
400	419	766
3850	299	765
2229	323	108
4780	912	4946
2955	357	2723
2186	149	1958
2134	357	2081
2041	419	766
1744	419	766
4103	357	1282
4529	366	1837
2706	180	5153
4206	351	1846
2918	352	2436
766	779	1935
4918	351	4371
4449	366	1837
2106	352	2436
142	448	5119
3914	779	3913
4599	351	1845
510	243	4460
4104	752	921
1511	635	4771
4909	750	1282
4676	642	5106
1240	351	4005
127	419	1273
2687	635	1302
422	125	455
4372	912	4956
4627	34	765
4132	204	3147
2102	284	4925
3802	357	1845
647	357	1282
1437	747	3548
3838	352	2649
4233	352	5211
836	750	1282
41	208	2436
3101	358	334
2492	351	1071
2630	419	1273
436	855	4735
42	357	1846
1428	351	1845
2297	323	3268
52	642	88
770	448	3698
300	289	2255
3446	502	1376
3321	289	3505
3	149	2509
5007	352	926
3107	912	1837
3058	149	765
2495	912	4846
355	176	4564
3295	289	4616
2556	782	864
4399	289	3844
3010	419	766
3089	351	4776
4275	351	3774
1376	643	3446
2641	366	1927
2723	204	2955
3947	27	3364
3009	351	4001
3841	912	4131
391	125	457
1843	642	3947
1397	351	5164
3452	419	766
344	480	54
2826	912	4956
2888	149	4735
3188	351	1845
3652	357	1249
2405	366	1837
819	351	2590
2803	912	1837
3316	289	4059
1754	284	1749
3069	149	3068
534	912	4846
1300	926	1270
3156	926	4151
2178	912	1837
3893	300	4779
4940	208	1845
4458	351	1845
2620	34	1845
5013	419	766
3654	351	1464
2675	640	5025
3277	419	766
187	640	4283
5205	357	1270
766	779	4960
2219	779	1845
4909	750	3965
4949	357	1846
5005	351	1032
4343	357	1846
575	289	3517
3352	176	3085
3325	750	1262
235	769	1919
4948	769	3416
3367	642	1432
1669	779	1736
1845	635	2979
2873	351	1845
3276	243	4987
2738	357	2665
2207	419	1284
2807	351	2979
2631	366	1837
3474	357	3399
585	351	1846
4507	180	2266
2620	351	2979
2564	870	3479
203	448	5076
3111	535	1845
4605	339	2105
3358	263	978
3044	352	1452
245	176	3085
2593	289	4598
620	339	1384
2572	357	1846
3565	357	967
2569	351	2979
1927	635	2742
4072	525	3426
3365	289	4007
4104	126	3889
3003	351	765
2010	351	2694
314	642	3951
3952	358	57
80	289	3089
4597	352	1845
1861	62	834
2213	769	2379
2593	642	147
921	779	3408
4120	352	2069
2009	351	1845
3263	419	766
3745	126	4191
3458	243	2421
4045	149	765
3894	300	104
2253	323	382
3614	357	1270
3476	750	765
5113	289	4551
2627	94	1282
4579	34	1846
328	480	54
3943	912	4846
5219	642	546
4762	493	2223
4442	912	3616
1636	410	1550
3268	289	591
3384	289	2930
2460	747	3559
3136	410	4086
1398	351	2170
3804	284	3926
127	289	4646
2833	204	3017
3049	683	1845
3564	357	1846
3244	289	3960
3960	34	2651
2106	339	4996
2783	357	1846
366	469	4661
1958	419	1960
3843	944	3185
73	457	2081
3935	351	1932
1620	410	1630
610	289	3679
5042	284	2107
2072	635	3186
2257	27	3293
3694	779	4796
3365	640	4526
4115	351	3220
90	912	1837
4605	284	2240
3094	351	1919
1765	149	1270
2253	351	1846
3371	243	2849
2641	352	1927
3234	289	2297
4497	299	2992
3189	357	1282
360	289	2531
572	912	2730
4167	366	1837
3944	351	1845
4561	366	1837
3240	263	3238
3041	358	334
3265	289	893
3361	419	1273
3165	357	1282
3870	352	3975
3853	912	4332
4592	912	3616
4115	180	4208
3839	351	1845
3797	351	3125
3124	339	4821
115	926	1845
2623	912	1837
3254	419	1669
1065	419	1960
4201	352	2932
2394	635	2702
2257	351	2436
2702	357	2394
4106	149	4105
1454	939	1777
39	878	4430
4622	351	958
542	366	1837
2368	493	2884
101	448	1678
3960	366	1837
1767	125	455
2150	926	3621
1782	243	3122
2406	635	2728
2818	642	4572
4893	750	1282
5084	352	4774
3355	289	4206
3110	351	4726
1027	149	1958
4698	357	1665
1424	912	3616
4292	289	2893
3397	683	1270
3453	492	1930
2683	642	457
5100	779	3220
218	53	2081
4949	769	2436
2629	339	557
55	448	5119
609	176	4599
380	357	765
4161	289	1986
1367	351	1845
2384	34	1845
2533	912	4846
3933	912	4131
4394	289	4484
3883	352	2979
4387	289	3820
588	351	1845
4718	419	766
5044	357	3399
4450	180	4367
5085	415	4294
4773	149	765
3427	708	3238
1829	640	4597
1665	419	1669
4459	351	2979
1256	642	4572
4556	448	3893
5112	201	1953
4431	368	2687
1769	351	1845
2072	419	766
3914	779	1127
2155	779	2379
778	478	1282
571	339	4994
3560	949	4819
2658	351	1845
3624	351	2137
5023	912	4332
3932	289	4359
2802	366	1837
1761	448	2703
3273	176	3085
4676	448	4954
3548	208	3053
4774	357	1846
4606	351	3621
3266	642	4504
4534	635	2047
1451	357	4338
3365	289	4183
766	779	3408
4690	289	686
389	642	409
1108	284	3110
4218	779	2886
3364	419	766
4477	351	1845
399	357	765
5043	352	3740
1088	27	3369
1922	208	2436
4294	289	4479
1073	493	1008
2690	357	1845
615	352	1032
963	351	1992
419	357	1846
3301	642	2014
1287	605	1468
2826	284	1763
5214	352	1278
189	419	766
4378	642	868
3938	351	1099
1788	289	2637
1505	402	3858
470	289	3796
4058	912	4131
969	794	970
3101	448	5119
96	289	591
765	635	2436
3963	912	2750
3304	642	457
1383	480	4523
4808	351	5175
2240	448	4035
3294	243	2257
5000	92	1468
4744	351	2136
155	357	765
2785	149	2783
3831	366	1837
3479	708	692
1417	448	4347
5043	284	501
1430	339	3448
2500	351	2081
1320	448	3894
434	351	3220
838	622	2823
4559	201	3465
5024	352	2436
4584	926	765
3787	149	1958
820	640	4460
5102	94	1960
681	366	1837
1799	677	4692
2093	357	2836
3947	351	1845
1120	794	1711
3281	125	140
3171	747	3541
472	358	15
5066	912	4846
4996	455	3690
3138	38	3140
2864	912	4846
3447	366	1773
1807	125	9
2144	289	2297
224	769	2207
3301	289	4644
4329	243	2896
2413	351	1845
4809	204	4836
3398	149	2635
2563	366	4131
4206	912	1837
3802	289	4167
2240	339	4605
8	289	2484
2780	782	713
4081	351	2782
2596	711	2595
4263	448	2289
2793	912	1837
211	351	2979
771	34	2651
2023	692	2065
5058	149	765
3765	357	1419
4488	912	4846
13	289	4538
3249	289	2555
3254	419	1284
4072	351	3055
5002	351	1845
4476	352	765
4646	912	4846
1457	204	2984
4206	34	2651
4610	708	692
1322	351	764
2225	419	812
1846	338	4291
2358	357	1845
3554	208	2556
3074	339	4820
112	358	336
1792	642	9
1340	750	4735
590	366	1837
3317	289	5055
4228	149	3452
3277	357	1845
1280	642	672
3196	351	2436
503	166	2427
3704	779	870
2296	351	1498
1791	357	1845
3963	448	5119
1814	176	500
4073	358	3888
1985	351	2552
269	926	1846
3812	912	4846
2413	351	2976
2658	34	837
4611	415	3507
5083	284	2641
4585	677	3802
342	926	1845
4758	419	766
4833	448	1840
2166	351	2776
4996	455	4956
1332	351	1845
1657	366	1837
3278	642	4987
4858	149	1054
3301	448	4954
4138	351	2436
654	351	2789
4208	912	3616
5134	484	1311
5217	125	455
4821	351	765
2380	419	1273
1111	419	1960
1706	243	2837
1945	419	3644
766	779	1845
389	419	766
5084	34	1845
3894	300	320
470	642	9
2931	926	1845
2893	912	1837
1289	605	4948
91	419	1960
2460	351	975
1328	912	1837
2334	446	4347
4488	351	1845
1012	419	1284
2362	92	1468
1659	204	1012
4944	289	4557
3869	34	1958
5	419	766
4280	448	311
979	419	766
655	912	4846
4918	351	1845
2014	708	5205
4028	342	3429
4969	419	766
236	926	3082
1993	493	825
1408	284	1343
1529	357	1846
231	289	830
282	846	3846
3294	677	3293
5153	351	967
2539	351	1282
4497	573	40
2492	351	1282
4476	351	765
3573	77	765
800	912	1837
4390	642	140
354	289	4007
4245	912	1701
2893	34	2651
2828	351	2979
4993	357	1845
3826	750	3452
719	419	766
2802	351	2979
4671	357	966
3898	27	1796
788	204	888
4249	289	2838
2718	419	3704
4049	166	5224
2643	677	3370
5113	125	140
3139	683	3138
4526	351	2979
1656	351	1845
681	351	1007
3183	912	4846
4642	352	5176
3238	176	5060
1296	351	2436
4774	711	4775
5065	750	1962
1720	289	2837
1362	642	457
1284	779	1659
1466	419	1273
1003	339	4372
1815	176	5059
4497	912	1469
3550	62	2436
4744	351	765
3282	243	3933
4571	643	547
4435	419	3644
3453	779	1846
3843	352	2979
2176	351	5080
4414	419	766
4535	912	2156
3138	357	765
4707	448	2866
4915	34	3399
207	358	216
5066	351	2979
1544	62	3769
3445	352	3432
2693	208	2092
1740	289	4646
1395	351	2689
4022	149	1226
4425	640	4275
96	642	457
182	419	766
1818	289	2652
3298	640	2849
1273	779	1243
3375	289	3427
3648	912	3691
1273	779	2994
1922	637	3587
758	352	3432
1525	208	1912
381	846	4545
2968	351	1912
2739	351	3416
542	351	3452
4710	358	4446
3891	926	2436
449	870	1089
1438	912	4846
4589	352	2979
3772	912	2730
4734	750	1270
4479	323	4621
661	351	4307
310	448	4934
4962	201	781
17	926	2975
2837	27	1720
5059	351	1032
2019	95	4210
3281	642	140
2658	912	4131
90	342	458
1818	642	457
2173	912	4846
3238	640	3519
3553	357	1845
2840	351	1845
2856	352	2426
1513	289	4627
2615	351	643
650	446	1383
4523	454	2866
4328	289	2174
4634	284	3813
2255	912	4131
343	642	9
3238	419	766
1756	912	2428
173	125	107
4253	750	1226
441	357	765
1520	366	1837
5219	640	3516
4457	323	3377
2542	642	4267
5034	683	1282
979	289	4480
3274	419	766
1438	366	1837
830	912	4846
3948	912	3616
5042	284	501
2102	299	1659
564	357	1845
2081	635	4726
2542	357	1845
61	926	1845
3090	27	2361
450	357	1010
1844	419	921
3074	339	557
1273	779	4812
4770	351	1846
4079	351	2742
296	419	766
1314	912	4332
367	289	2901
2862	683	765
1788	289	4551
1951	419	3704
2203	204	3131
44	615	40
2106	351	975
900	351	762
3785	149	1270
3454	357	1845
1425	419	766
2406	204	2728
3904	351	1845
1438	912	4131
654	342	2973
2297	415	3268
3109	912	1837
5025	351	975
466	263	470
3170	351	1845
328	480	162
98	926	1846
3310	289	4623
3709	357	1845
754	339	3658
3804	352	2651
3769	357	3540
3820	351	2081
3041	351	5176
354	289	5078
3688	605	1468
3756	254	1242
261	926	825
116	357	1845
3358	642	453
3072	149	765
4817	351	2434
671	34	765
402	926	1845
557	339	3658
4381	351	3452
3	149	1282
4768	750	1845
4597	352	3962
2175	366	1837
2928	912	1837
279	926	2436
411	448	5119
2361	289	4641
2688	352	1958
10	448	4661
208	769	1919
3867	419	5100
4328	419	766
2155	779	1958
3236	419	766
1987	351	1845
654	34	2651
589	352	2979
4734	149	1270
3086	926	967
3947	27	678
362	357	1845
766	779	4084
142	926	3433
4664	366	1837
800	351	2979
4421	419	3644
303	769	4051
40	208	2436
91	419	2219
3416	635	4726
504	351	1846
4268	357	1845
2971	357	2081
1665	635	780
4570	448	5120
2319	366	1837
1753	912	4846
2266	351	1845
1642	683	1665
3098	323	3236
1770	708	3234
2840	180	3957
1123	779	2225
3124	339	4631
4483	415	678
4930	402	1665
2023	157	2700
3370	263	2643
2628	352	3030
500	358	5059
1754	339	1336
3925	695	1969
603	912	4131
1669	779	967
3614	289	2483
3105	926	765
3557	208	1071
3869	357	1958
4962	34	2242
3309	289	600
2404	180	3022
1711	769	2436
3433	204	3407
1416	493	2612
1986	415	4161
1520	912	2730
2928	366	1837
3930	289	4167
3778	357	765
968	357	967
1969	351	1293
2724	125	114
3520	351	2436
3373	289	4653
515	912	1837
782	149	1958
3309	289	4480
4867	750	2694
2384	511	4198
2702	493	2702
55	926	2783
4186	642	457
1413	351	1845
4072	692	2065
4605	339	4994
2661	366	1837
3644	492	1930
2651	547	1231
1123	492	1930
1639	468	778
4545	912	4332
2627	912	1837
4796	204	3714
3234	289	3003
3156	912	4332
5097	357	1282
2402	912	4846
1453	492	1930
55	358	203
4144	352	2962
4503	351	2979
2176	410	3160
3639	204	2962
4284	94	765
4518	351	2979
1299	204	4265
3293	289	1328
245	642	140
766	779	1764
885	351	1270
942	62	4805
3816	683	2161
4343	62	2436
3254	419	1273
4387	419	766
1798	289	3520
1352	926	2242
3244	448	2703
4218	779	2605
364	448	1840
4632	351	1846
3791	149	2590
1256	642	453
4049	351	4796
1711	246	2294
5005	912	2750
2143	912	4846
288	448	1678
1256	263	5219
3147	357	4132
2204	683	1845
1385	357	1846
4994	284	4545
3239	642	3519
2826	352	3399
4224	635	3618
3503	351	1845
5107	149	765
942	62	4533
456	125	439
2454	351	2976
4073	94	2202
766	779	4534
416	358	4449
41	208	1846
3544	313	3202
2365	351	2973
1301	149	1659
2531	415	3276
2489	912	4332
1945	126	4435
4507	180	4449
2929	912	3616
1436	34	1845
1820	176	5060
3244	642	453
2905	683	765
1907	254	1906
5171	323	451
69	926	1845
3248	289	4479
2480	448	1094
2803	926	1845
5024	352	1846
3110	912	4846
5219	419	766
3089	34	765
1986	708	4161
1417	34	1845
2682	357	1846
3136	157	3177
4814	402	71
4116	351	2436
2309	351	2979
778	817	3691
2791	683	1007
1100	339	2629
4000	351	765
4819	351	1099
1785	289	1413
1280	640	672
411	342	458
5014	357	1282
4585	125	218
3719	769	1071
3727	796	4580
4406	77	3433
1819	125	409
3930	640	4167
3090	27	4697
5214	448	3669
707	339	1084
4855	683	551
3104	366	1837
3601	62	4726
3843	912	1492
4228	750	4227
2240	34	1845
3374	289	4808
4098	201	1953
885	352	1270
456	419	766
3501	493	1674
2127	357	3693
1669	779	1007
2051	351	3053
4607	351	1845
2306	683	4735
5116	352	1452
2826	351	3399
1981	149	2738
4190	769	1529
1895	351	2233
771	351	3099
1685	642	2492
858	351	1845
2833	126	3017
3187	366	1837
4303	912	1837
4341	243	4461
3079	323	3275
185	358	207
3447	366	3669
324	448	97
4000	912	1837
323	640	2024
4681	640	672
4386	289	3840
575	289	534
2300	38	2301
1682	357	1845
4449	342	4263
2627	351	1071
3440	352	1846
3511	912	4846
4026	149	765
4675	243	4043
4994	339	3448
2527	166	861
2133	635	2958
2392	126	3829
4830	448	3698
382	289	2661
766	779	2883
236	926	4371
52	289	591
2212	769	2979
485	493	2972
4347	480	3698
1329	708	692
3877	176	5016
4440	34	1846
1037	77	3433
2217	944	4607
1425	357	765
1020	351	2689
4917	243	659
3561	208	1115
328	480	156
163	357	1845
3086	912	4846
719	642	457
4336	539	4337
3354	419	766
4987	912	3616
3550	357	1846
4684	125	439
1367	912	4846
2166	352	765
2476	351	4655
891	351	2436
135	358	401
3894	454	3893
492	419	1284
110	289	3679
1655	912	3616
4445	448	3698
4264	419	4412
2823	201	3734
3294	289	4641
650	926	1845
1327	176	3856
3174	149	2273
342	357	4151
2497	351	1919
3239	289	3427
2141	351	1845
1361	779	1927
4949	769	1846
3577	208	1282
115	926	2434
1278	419	1273
2250	149	2436
1770	415	3234
4529	351	1845
1273	779	2843
3242	289	4668
5060	351	4726
1803	419	1284
4350	351	1115
3393	351	808
1886	352	2979
1669	779	1270
4038	149	1498
3824	357	1846
3353	289	4623
4770	34	2651
2668	357	2273
810	289	3956
3496	94	1958
8	289	4828
4264	635	2208
3409	351	816
4438	357	1845
1736	62	2962
1302	357	2687
2406	126	2728
3021	357	2041
4692	289	4637
5055	351	1845
2801	94	1845
3158	912	4846
282	846	3036
921	779	1717
2504	351	1845
3894	300	376
2027	708	4329
4328	289	2182
2483	912	4846
942	62	1457
615	351	1115
575	289	3117
484	419	766
4839	752	921
2615	352	1060
462	333	244
88	769	1845
1653	419	1960
836	750	835
4691	642	457
1430	284	2017
4249	419	766
3954	692	3670
4256	750	1845
4138	284	4821
2684	642	5006
1389	640	4938
2695	204	2694
449	289	465
3932	419	766
422	243	4572
3453	779	967
1690	243	4460
2678	357	1845
740	683	2723
3957	660	4208
3211	34	1845
730	149	1270
4009	351	2979
1572	692	3670
4146	149	1007
39	342	458
3823	640	3093
1788	176	4564
4285	683	1270
4398	642	4577
4447	351	1845
1419	752	1960
910	289	2182
1038	419	766
666	351	2242
3316	357	1845
4233	352	1845
1960	779	3218
1988	351	3432
3795	366	2746
3353	289	2555
411	357	765
642	351	967
2632	419	921
3280	419	766
546	912	3616
3101	448	167
285	926	1115
1659	635	1771
336	448	5167
3319	289	4472
2826	284	557
3357	289	4167
4345	782	2561
4922	323	4679
529	640	2344
4448	448	3698
5141	484	2081
1707	642	2896
2833	419	766
509	125	9
4498	366	1837
3268	419	766
4375	351	765
532	34	1845
599	351	1085
4111	208	2668
2801	366	1837
4504	352	1845
4692	263	1799
1754	284	824
3782	357	1846
17	357	967
2014	352	2436
4308	149	966
4932	752	766
2928	351	3887
183	642	457
3298	419	766
2876	926	1845
2988	419	1453
4474	351	1845
380	926	2436
1939	351	3975
1914	180	1328
4545	448	5221
1399	149	765
1914	351	3975
4363	357	1845
4481	157	3083
281	448	3698
4770	351	2436
2334	446	311
399	926	1846
104	342	458
3220	204	3722
3039	351	762
4424	357	1962
3767	419	921
570	912	4846
1708	642	40
1345	351	2665
4726	357	2081
4922	912	3616
4237	125	457
2266	366	4846
4684	448	2289
4474	708	245
2362	351	1845
4994	284	1754
3182	339	5084
3844	366	1837
622	351	765
2213	357	2379
778	299	975
4309	95	3719
754	865	5031
4647	366	1837
4734	149	4733
5075	502	5000
1787	125	421
4573	351	2349
4876	149	2962
740	149	2723
1741	351	1845
108	125	88
1822	243	4277
4757	208	2093
2151	912	4846
3240	357	2973
3277	176	3000
45	615	40
1777	939	1777
3937	92	1468
185	358	115
3893	454	2866
63	125	9
2014	351	1846
1417	358	2618
3086	366	1837
44	357	1846
2316	750	2416
242	122	3102
3032	912	4131
1084	912	3671
1500	357	3913
1538	692	3670
1083	779	1845
382	289	2253
3320	642	4524
4818	351	2689
1867	484	4960
4049	166	1904
1513	289	591
4579	912	3671
850	419	3610
4668	351	1846
4605	448	2289
4928	912	3616
1706	357	1845
238	448	170
4627	351	765
4800	351	1506
199	357	1270
2338	912	1837
3101	358	242
1788	289	1088
4005	357	966
2006	180	3998
2488	366	1837
4542	912	3616
557	284	2102
3049	683	3053
279	926	765
2469	351	2979
3838	323	4386
4481	410	3083
2589	448	2289
610	289	3806
3128	912	4846
782	149	2857
2168	94	1282
4149	752	766
4771	77	1511
1376	351	3053
4580	201	1039
4597	351	1845
289	454	4219
1765	149	2880
4578	34	3220
2662	448	3894
2826	351	523
2459	366	4326
3195	352	4969
1886	351	2979
2451	419	1284
1984	149	4383
2527	352	1845
574	357	1846
1512	711	1282
3713	357	1927
4818	339	577
3611	419	766
4208	912	4131
4302	351	1845
3517	351	2436
682	149	3417
4411	419	4412
3839	366	1837
2106	339	3124
3104	912	1837
2770	351	3220
3508	642	439
3032	351	4726
4301	351	1845
354	357	1845
1373	683	1270
654	708	692
1120	605	1711
2394	204	2702
1989	415	4294
4712	351	1846
932	368	931
3804	351	1927
2051	342	1487
3377	419	766
2217	351	808
3404	683	967
4607	747	3541
1998	34	1845
4700	289	2531
1816	289	4622
2103	351	2976
4816	339	557
442	357	1282
1500	357	966
2682	419	766
336	358	15
2853	351	928
783	149	1665
1335	683	765
2633	357	1945
4701	289	2253
2161	357	1846
4351	357	1270
2624	912	4131
434	351	2867
229	638	440
2250	683	765
3277	289	800
1706	642	457
3925	695	2345
812	779	3745
2105	34	1282
3240	289	536
1990	351	3433
326	289	2505
1432	323	3367
3707	642	88
4577	912	4846
3268	125	409
4459	352	2979
574	289	3797
300	357	1845
3727	493	926
4491	351	1919
4815	34	1845
3514	912	4846
3281	289	1062
939	149	2884
3171	351	2360
5219	243	3516
2818	289	2807
2826	339	4821
2547	366	1837
921	779	1962
5153	352	2979
4237	289	4744
757	926	3416
5043	912	3671
3843	502	2362
4049	94	966
4622	366	1837
2759	149	765
3080	351	2436
2313	419	1669
4788	912	1699
1872	62	2951
1611	692	3670
3907	419	1960
5192	769	1071
4796	419	4797
3463	779	2081
1708	419	766
942	62	3889
4509	27	3322
3190	366	4332
2816	357	1931
1256	357	1845
4645	352	1845
1395	366	1837
2296	180	893
4509	708	692
492	289	2505
4475	448	344
2122	126	3202
3820	351	2436
1336	502	3658
4642	339	4049
3282	176	2459
778	352	1282
3298	243	2849
1688	642	140
4391	419	766
3814	358	4280
2150	926	1845
3806	351	2973
3933	366	4131
1689	642	457
3993	683	2326
444	342	457
4676	289	2578
494	750	5001
3554	357	1845
4027	351	2979
3933	366	1837
785	289	2620
4300	419	766
3310	419	766
61	357	3053
3936	351	1845
3626	866	2244
4387	357	1845
2394	126	2702
3676	289	3103
3240	677	3239
5	448	1094
4567	747	3561
4590	351	1845
1273	779	5229
3407	77	3433
4994	352	1061
3293	642	457
4545	912	3671
98	448	5119
1060	204	2951
1281	357	931
439	53	1941
449	402	362
2825	149	2436
110	289	3040
17	926	967
3520	912	4846
1687	289	1062
283	358	4073
3374	125	453
3124	352	1047
1337	351	5053
2893	351	3152
2798	448	2289
1256	419	766
2006	351	1846
1829	289	1989
82	289	3933
2405	342	3242
800	366	1837
282	357	765
3311	419	766
3562	357	1007
2013	149	3452
472	358	336
3603	208	1282
3113	912	3616
4607	299	1845
3877	150	4606
2804	339	305
2454	357	1845
2896	351	1845
5075	352	2003
1017	149	3399
1088	351	807
4129	358	2758
3894	300	394
766	779	1952
3795	912	1837
371	642	457
2864	180	2388
2991	208	2485
2067	289	3942
136	289	4505
413	122	1330
5102	27	2073
1873	62	2958
398	926	1846
597	94	765
1446	289	617
3355	176	614
790	912	4131
2145	912	3616
5116	351	679
413	448	5221
850	419	766
359	448	170
4230	912	4846
3221	204	2206
4475	358	2804
